10.000000 0.000000 0.000000 0.000000 0.000000 0.000000 0.000000 0.000000 0.000000 0.000000 -5.000000 
10.000000 1.000000 0.000000 0.000000 0.000000 0.000000 0.000000 0.000000 0.000000 -0.500000 -5.000000 
10.000000 1.800000 0.100000 0.000000 0.000000 0.000000 0.000000 0.000000 -0.050000 -0.900000 -5.000000 
10.000000 2.450000 0.260000 0.010000 0.000000 0.000000 0.000000 -0.005000 -0.130000 -1.225000 -5.000000 
10.000000 2.986000 0.454000 0.034000 0.001000 0.000000 -0.000500 -0.017000 -0.227000 -1.493000 -5.000000 
10.000000 3.434200 0.665200 0.072700 0.004200 0.000050 -0.002100 -0.036350 -0.332600 -1.717100 -5.000000 
10.000000 3.813880 0.882850 0.125100 0.010635 0.000250 -0.005310 -0.062550 -0.441425 -1.906940 -5.000000 
10.000000 4.139389 1.100178 0.189428 0.021043 0.000732 -0.010478 -0.094713 -0.550089 -2.069694 -5.000000 
10.000000 4.421529 1.313024 0.263665 0.035850 0.001642 -0.017780 -0.131827 -0.656512 -2.210764 -5.000000 
10.000000 4.668526 1.518939 0.345819 0.055211 0.003121 -0.027243 -0.172891 -0.759469 -2.334263 -5.000000 
10.000000 4.886714 1.716585 0.434070 0.079063 0.005294 -0.038771 -0.216984 -0.858290 -2.443357 -5.000000 
10.000000 5.081030 1.905347 0.526821 0.107187 0.008264 -0.052186 -0.263294 -0.952666 -2.540515 -5.000000 
10.000000 5.255359 2.085063 0.622710 0.139258 0.012111 -0.067252 -0.311120 -1.042514 -2.627678 -5.000000 
10.000000 5.412793 2.255857 0.720600 0.174889 0.016890 -0.083702 -0.359873 -1.127891 -2.706394 -5.000000 
10.000000 5.555820 2.418025 0.819555 0.213660 0.022630 -0.101260 -0.409057 -1.208940 -2.777904 -5.000000 
10.000000 5.686459 2.571957 0.918812 0.255146 0.029344 -0.119651 -0.458266 -1.285848 -2.843217 -5.000000 
10.000000 5.806363 2.718093 1.017760 0.298933 0.037025 -0.138613 -0.507163 -1.358827 -2.903159 -5.000000 
10.000000 5.916899 2.856887 1.115911 0.344625 0.045652 -0.157904 -0.555474 -1.428093 -2.958410 -5.000000 
10.000000 6.019208 2.988790 1.212880 0.391856 0.055194 -0.177305 -0.602979 -1.493863 -3.009537 -5.000000 
10.000000 6.114246 3.114241 1.308368 0.440292 0.065610 -0.196623 -0.649500 -1.556342 -3.057016 -5.000000 
10.000000 6.202821 3.233654 1.402148 0.489632 0.076855 -0.215687 -0.694897 -1.615725 -3.101247 -5.000000 
10.000000 6.285622 3.347420 1.494047 0.539606 0.088878 -0.234354 -0.739058 -1.672195 -3.142570 -5.000000 
10.000000 6.363240 3.455903 1.583940 0.589977 0.101628 -0.252501 -0.781902 -1.725919 -3.181276 -5.000000 
10.000000 6.436182 3.559441 1.671740 0.640538 0.115050 -0.270028 -0.823363 -1.777053 -3.217612 -5.000000 
10.000000 6.504890 3.658345 1.757390 0.691110 0.129091 -0.286854 -0.863399 -1.825740 -3.251795 -5.000000 
10.000000 6.569746 3.752904 1.840857 0.741536 0.143698 -0.302914 -0.901978 -1.872111 -3.284010 -5.000000 
10.000000 6.631087 3.843383 1.922130 0.791684 0.158821 -0.318159 -0.939085 -1.916288 -3.314419 -5.000000 
10.000000 6.689208 3.930028 2.001211 0.841443 0.174409 -0.332554 -0.974713 -1.958381 -3.343164 -5.000000 
10.000000 6.744369 4.013065 2.078116 0.890716 0.190416 -0.346073 -1.008864 -1.998492 -3.370369 -5.000000 
10.000000 6.796802 4.092700 2.152871 0.939426 0.206797 -0.358703 -1.041548 -2.036717 -3.396145 -5.000000 
10.000000 6.846712 4.169127 2.225509 0.987508 0.223510 -0.370438 -1.072780 -2.073143 -3.420587 -5.000000 
10.000000 6.894282 4.242524 2.296071 1.034908 0.240515 -0.381277 -1.102582 -2.107851 -3.443784 -5.000000 
10.000000 6.939678 4.313054 2.364600 1.081585 0.257775 -0.391229 -1.130979 -2.140917 -3.465812 -5.000000 
10.000000 6.983048 4.380871 2.431144 1.127505 0.275256 -0.400303 -1.157997 -2.172413 -3.486742 -5.000000 
10.000000 7.024525 4.446116 2.495753 1.172644 0.292925 -0.408517 -1.183670 -2.202404 -3.506635 -5.000000 
10.000000 7.064232 4.508921 2.558478 1.216983 0.310753 -0.415888 -1.208028 -2.230954 -3.525548 -5.000000 
10.000000 7.102278 4.569408 2.619373 1.260510 0.328712 -0.422438 -1.231106 -2.258121 -3.543534 -5.000000 
10.000000 7.138763 4.627691 2.678490 1.303216 0.346776 -0.428190 -1.252941 -2.283961 -3.560639 -5.000000 
10.000000 7.173779 4.683878 2.735883 1.345100 0.364924 -0.433168 -1.273568 -2.308527 -3.576907 -5.000000 
10.000000 7.207411 4.738069 2.791604 1.386160 0.383132 -0.437399 -1.293024 -2.331869 -3.592379 -5.000000 
10.000000 7.239736 4.790357 2.845706 1.426402 0.401382 -0.440908 -1.311346 -2.354035 -3.607090 -5.000000 
10.000000 7.270824 4.840829 2.898241 1.465830 0.419655 -0.443723 -1.328571 -2.375072 -3.621075 -5.000000 
10.000000 7.300743 4.889570 2.949259 1.504454 0.437935 -0.445870 -1.344736 -2.395022 -3.634367 -5.000000 
10.000000 7.329551 4.936656 2.998809 1.542282 0.456206 -0.447376 -1.359878 -2.413928 -3.646996 -5.000000 
10.000000 7.357306 4.982161 3.046941 1.579327 0.474455 -0.448268 -1.374033 -2.431830 -3.658990 -5.000000 
10.000000 7.384061 5.026154 3.093702 1.615602 0.492670 -0.448572 -1.387236 -2.448766 -3.670375 -5.000000 
10.000000 7.409864 5.068699 3.139137 1.651119 0.510839 -0.448314 -1.399523 -2.464774 -3.681176 -5.000000 
10.000000 7.434761 5.109859 3.183291 1.685892 0.528952 -0.447520 -1.410927 -2.479889 -3.691419 -5.000000 
10.000000 7.458795 5.149693 3.226208 1.719938 0.546999 -0.446213 -1.421483 -2.494146 -3.701124 -5.000000 
10.000000 7.482005 5.188255 3.267930 1.753271 0.564971 -0.444419 -1.431222 -2.507577 -3.710314 -5.000000 
10.000000 7.504430 5.225597 3.308496 1.785907 0.582862 -0.442160 -1.440177 -2.520215 -3.719009 -5.000000 
10.000000 7.526104 5.261770 3.347948 1.817862 0.600665 -0.439460 -1.448379 -2.532091 -3.727228 -5.000000 
10.000000 7.547060 5.296821 3.386321 1.849150 0.618372 -0.436339 -1.455859 -2.543233 -3.734992 -5.000000 
10.000000 7.567330 5.330795 3.423654 1.879790 0.635979 -0.432820 -1.462644 -2.553672 -3.742317 -5.000000 
10.000000 7.586944 5.363735 3.459982 1.909795 0.653480 -0.428923 -1.468764 -2.563434 -3.749221 -5.000000 
10.000000 7.605928 5.395680 3.495338 1.939182 0.670871 -0.424667 -1.474247 -2.572545 -3.755720 -5.000000 
10.000000 7.624311 5.426671 3.529757 1.967967 0.688148 -0.420071 -1.479119 -2.581033 -3.761830 -5.000000 
10.000000 7.642116 5.456743 3.563269 1.996164 0.705308 -0.415154 -1.483406 -2.588921 -3.767568 -5.000000 
10.000000 7.659367 5.485933 3.595906 2.023789 0.722348 -0.409933 -1.487132 -2.596234 -3.772946 -5.000000 
10.000000 7.676087 5.514274 3.627697 2.050857 0.739264 -0.404425 -1.490322 -2.602995 -3.777980 -5.000000 
10.000000 7.692297 5.541798 3.658671 2.077381 0.756054 -0.398646 -1.493000 -2.609227 -3.782684 -5.000000 
10.000000 7.708017 5.568535 3.688855 2.103378 0.772717 -0.392611 -1.495187 -2.614950 -3.787070 -5.000000 
10.000000 7.723267 5.594515 3.718275 2.128859 0.789250 -0.386336 -1.496906 -2.620185 -3.791151 -5.000000 
10.000000 7.738065 5.619766 3.746957 2.153840 0.805652 -0.379834 -1.498177 -2.624954 -3.794939 -5.000000 
10.000000 7.752429 5.644315 3.774926 2.178333 0.821923 -0.373120 -1.499020 -2.629275 -3.798447 -5.000000 
10.000000 7.766375 5.668188 3.802206 2.202351 0.838059 -0.366206 -1.499456 -2.633166 -3.801685 -5.000000 
10.000000 7.779918 5.691408 3.828819 2.225907 0.854062 -0.359104 -1.499502 -2.636647 -3.804665 -5.000000 
10.000000 7.793076 5.714000 3.854786 2.249014 0.869930 -0.351827 -1.499176 -2.639734 -3.807396 -5.000000 
10.000000 7.805860 5.735986 3.880131 2.271683 0.885663 -0.344386 -1.498497 -2.642445 -3.809891 -5.000000 
10.000000 7.818287 5.757388 3.904871 2.293926 0.901260 -0.336793 -1.497481 -2.644795 -3.812157 -5.000000 
10.000000 7.830368 5.778226 3.929029 2.315754 0.916721 -0.329056 -1.496144 -2.646799 -3.814205 -5.000000 
10.000000 7.842117 5.798521 3.952621 2.337178 0.932047 -0.321187 -1.494500 -2.648474 -3.816044 -5.000000 
10.000000 7.853546 5.818291 3.975667 2.358209 0.947236 -0.313195 -1.492566 -2.649834 -3.817683 -5.000000 
10.000000 7.864666 5.837554 3.998183 2.378858 0.962290 -0.305089 -1.490356 -2.650892 -3.819129 -5.000000 
10.000000 7.875488 5.856328 4.020188 2.399133 0.977209 -0.296878 -1.487883 -2.651662 -3.820393 -5.000000 
10.000000 7.886023 5.874630 4.041696 2.419046 0.991993 -0.288570 -1.485160 -2.652157 -3.821480 -5.000000 
10.000000 7.896282 5.892476 4.062725 2.438606 1.006642 -0.280172 -1.482201 -2.652390 -3.822400 -5.000000 
10.000000 7.906273 5.909881 4.083288 2.457822 1.021157 -0.271694 -1.479017 -2.652372 -3.823159 -5.000000 
10.000000 7.916006 5.926861 4.103401 2.476702 1.035538 -0.263141 -1.475620 -2.652115 -3.823764 -5.000000 
10.000000 7.925491 5.943430 4.123077 2.495255 1.049787 -0.254521 -1.472022 -2.651631 -3.824223 -5.000000 
10.000000 7.934736 5.959600 4.142330 2.513491 1.063903 -0.245840 -1.468233 -2.650929 -3.824542 -5.000000 
10.000000 7.943749 5.975387 4.161173 2.531416 1.077887 -0.237105 -1.464263 -2.650021 -3.824726 -5.000000 
10.000000 7.952538 5.990802 4.179619 2.549039 1.091741 -0.228322 -1.460123 -2.648915 -3.824783 -5.000000 
10.000000 7.961110 6.005857 4.197679 2.566367 1.105464 -0.219496 -1.455822 -2.647623 -3.824718 -5.000000 
10.000000 7.969474 6.020565 4.215366 2.583408 1.119059 -0.210632 -1.451370 -2.646152 -3.824537 -5.000000 
10.000000 7.977636 6.034936 4.232690 2.600169 1.132524 -0.201737 -1.446774 -2.644513 -3.824245 -5.000000 
10.000000 7.985602 6.048981 4.249662 2.616656 1.145863 -0.192815 -1.442044 -2.642712 -3.823847 -5.000000 
10.000000 7.993380 6.062711 4.266293 2.632878 1.159074 -0.183870 -1.437188 -2.640759 -3.823349 -5.000000 
10.000000 8.000975 6.076136 4.282594 2.648839 1.172160 -0.174907 -1.432213 -2.638661 -3.822755 -5.000000 
10.000000 8.008394 6.089266 4.298572 2.664546 1.185121 -0.165931 -1.427127 -2.636425 -3.822070 -5.000000 
10.000000 8.015641 6.102109 4.314239 2.680007 1.197959 -0.156945 -1.421938 -2.634060 -3.821298 -5.000000 
10.000000 8.022724 6.114676 4.329603 2.695225 1.210673 -0.147954 -1.416651 -2.631572 -3.820445 -5.000000 
10.000000 8.029647 6.126973 4.344672 2.710208 1.223265 -0.138961 -1.411273 -2.628967 -3.819513 -5.000000 
10.000000 8.036415 6.139010 4.359456 2.724960 1.235737 -0.129970 -1.405811 -2.626252 -3.818507 -5.000000 
10.000000 8.043033 6.150795 4.373962 2.739487 1.248089 -0.120983 -1.400271 -2.623433 -3.817431 -5.000000 
10.000000 8.049506 6.162336 4.388198 2.753795 1.260321 -0.112005 -1.394659 -2.620517 -3.816288 -5.000000 
10.000000 8.055838 6.173639 4.402171 2.767888 1.272436 -0.103038 -1.388979 -2.617508 -3.815082 -5.000000 
10.000000 8.062034 6.184712 4.415890 2.781771 1.284434 -0.094084 -1.383238 -2.614413 -3.813817 -5.000000 
10.000000 8.068099 6.195562 4.429360 2.795449 1.296316 -0.085148 -1.377440 -2.611236 -3.812494 -5.000000 
10.000000 8.074035 6.206196 4.442589 2.808927 1.308083 -0.076231 -1.371590 -2.607982 -3.811119 -5.000000 
10.000000 8.079848 6.216619 4.455584 2.822209 1.319736 -0.067335 -1.365694 -2.604656 -3.809694 -5.000000 
10.000000 8.085540 6.226838 4.468350 2.835299 1.331276 -0.058464 -1.359754 -2.601264 -3.808220 -5.000000 
10.000000 8.091116 6.236860 4.480893 2.848202 1.342704 -0.049619 -1.353776 -2.597809 -3.806703 -5.000000 
10.000000 8.096579 6.246689 4.493221 2.860921 1.354022 -0.040802 -1.347764 -2.594295 -3.805143 -5.000000 
10.000000 8.101932 6.256331 4.505338 2.873461 1.365229 -0.032016 -1.341721 -2.590726 -3.803544 -5.000000 
10.000000 8.107179 6.265792 4.517249 2.885826 1.376328 -0.023262 -1.335651 -2.587108 -3.801908 -5.000000 
10.000000 8.112322 6.275076 4.528961 2.898018 1.387319 -0.014542 -1.329558 -2.583442 -3.800237 -5.000000 
10.000000 8.117365 6.284189 4.540478 2.910043 1.398203 -0.005857 -1.323444 -2.579733 -3.798534 -5.000000 
10.000000 8.122311 6.293136 4.551806 2.921902 1.408981 0.002790 -1.317315 -2.575984 -3.796800 -5.000000 
10.000000 8.127162 6.301920 4.562948 2.933600 1.419654 0.011399 -1.311171 -2.572199 -3.795039 -5.000000 
10.000000 8.131922 6.310547 4.573911 2.945140 1.430223 0.019967 -1.305017 -2.568380 -3.793251 -5.000000 
10.000000 8.136592 6.319021 4.584697 2.956526 1.440689 0.028494 -1.298855 -2.564531 -3.791439 -5.000000 
10.000000 8.141176 6.327346 4.595313 2.967759 1.451053 0.036979 -1.292688 -2.560654 -3.789604 -5.000000 
10.000000 8.145675 6.335526 4.605761 2.978844 1.461316 0.045420 -1.286518 -2.556752 -3.787749 -5.000000 
10.000000 8.150093 6.343564 4.616045 2.989783 1.471479 0.053816 -1.280347 -2.552828 -3.785874 -5.000000 
10.000000 8.154431 6.351465 4.626171 3.000579 1.481543 0.062166 -1.274179 -2.548885 -3.783982 -5.000000 
10.000000 8.158691 6.359232 4.636141 3.011234 1.491509 0.070469 -1.268015 -2.544924 -3.782074 -5.000000 
10.000000 8.162876 6.366869 4.645960 3.021753 1.501378 0.078725 -1.261858 -2.540948 -3.780152 -5.000000 
10.000000 8.166988 6.374379 4.655630 3.032136 1.511150 0.086932 -1.255709 -2.536960 -3.778216 -5.000000 
10.000000 8.171028 6.381765 4.665155 3.042387 1.520827 0.095089 -1.249570 -2.532960 -3.776269 -5.000000 
10.000000 8.174999 6.389030 4.674539 3.052508 1.530409 0.103197 -1.243443 -2.528952 -3.774311 -5.000000 
10.000000 8.178902 6.396178 4.683785 3.062501 1.539898 0.111254 -1.237330 -2.524937 -3.772344 -5.000000 
10.000000 8.182740 6.403211 4.692896 3.072369 1.549294 0.119260 -1.231232 -2.520917 -3.770369 -5.000000 
10.000000 8.186513 6.410132 4.701875 3.082114 1.558598 0.127214 -1.225151 -2.516894 -3.768387 -5.000000 
10.000000 8.190223 6.416945 4.710725 3.091739 1.567811 0.135116 -1.219089 -2.512869 -3.766399 -5.000000 
10.000000 8.193873 6.423651 4.719448 3.101244 1.576934 0.142965 -1.213046 -2.508844 -3.764406 -5.000000 
10.000000 8.197464 6.430253 4.728048 3.110634 1.585968 0.150761 -1.207025 -2.504820 -3.762409 -5.000000 
10.000000 8.200996 6.436753 4.736527 3.119909 1.594914 0.158503 -1.201026 -2.500800 -3.760409 -5.000000 
10.000000 8.204472 6.443155 4.744888 3.129071 1.603773 0.166191 -1.195050 -2.496783 -3.758407 -5.000000 
10.000000 8.207893 6.449460 4.753133 3.138123 1.612544 0.173825 -1.189099 -2.492772 -3.756404 -5.000000 
10.000000 8.211261 6.455671 4.761265 3.147066 1.621230 0.181405 -1.183174 -2.488768 -3.754401 -5.000000 
10.000000 8.214576 6.461789 4.769285 3.155902 1.629831 0.188929 -1.177276 -2.484772 -3.752397 -5.000000 
10.000000 8.217839 6.467817 4.777197 3.164633 1.638348 0.196399 -1.171405 -2.480785 -3.750395 -5.000000 
10.000000 8.221053 6.473757 4.785003 3.173261 1.646782 0.203814 -1.165563 -2.476808 -3.748395 -5.000000 
10.000000 8.224218 6.479612 4.792704 3.181788 1.655133 0.211173 -1.159749 -2.472842 -3.746396 -5.000000 
10.000000 8.227336 6.485382 4.800303 3.190214 1.663402 0.218477 -1.153966 -2.468888 -3.744401 -5.000000 
10.000000 8.230407 6.491069 4.807802 3.198542 1.671591 0.225725 -1.148214 -2.464947 -3.742410 -5.000000 
10.000000 8.233432 6.496676 4.815203 3.206773 1.679699 0.232918 -1.142494 -2.461020 -3.740423 -5.000000 
10.000000 8.236414 6.502204 4.822507 3.214908 1.687729 0.240055 -1.136805 -2.457108 -3.738440 -5.000000 
10.000000 8.239351 6.507656 4.829717 3.222950 1.695679 0.247136 -1.131150 -2.453211 -3.736463 -5.000000 
10.000000 8.242247 6.513031 4.836834 3.230900 1.703552 0.254162 -1.125527 -2.449330 -3.734491 -5.000000 
10.000000 8.245100 6.518333 4.843860 3.238758 1.711348 0.261132 -1.119939 -2.445466 -3.732526 -5.000000 
10.000000 8.247914 6.523563 4.850798 3.246528 1.719067 0.268046 -1.114384 -2.441619 -3.730567 -5.000000 
10.000000 8.250687 6.528721 4.857647 3.254209 1.726711 0.274905 -1.108865 -2.437790 -3.728616 -5.000000 
10.000000 8.253422 6.533810 4.864411 3.261803 1.734280 0.281709 -1.103380 -2.433980 -3.726672 -5.000000 
10.000000 8.256119 6.538832 4.871090 3.269311 1.741775 0.288457 -1.097931 -2.430190 -3.724735 -5.000000 
10.000000 8.258778 6.543786 4.877686 3.276735 1.749197 0.295150 -1.092518 -2.426418 -3.722807 -5.000000 
10.000000 8.261401 6.548675 4.884201 3.284077 1.756546 0.301788 -1.087141 -2.422667 -3.720888 -5.000000 
10.000000 8.263988 6.553500 4.890636 3.291336 1.763824 0.308371 -1.081801 -2.418937 -3.718977 -5.000000 
10.000000 8.266541 6.558263 4.896992 3.298515 1.771030 0.314899 -1.076497 -2.415227 -3.717075 -5.000000 
10.000000 8.269059 6.562964 4.903272 3.305614 1.778165 0.321372 -1.071231 -2.411539 -3.715183 -5.000000 
10.000000 8.271543 6.567604 4.909475 3.312635 1.785231 0.327791 -1.066001 -2.407873 -3.713300 -5.000000 
10.000000 8.273995 6.572185 4.915604 3.319579 1.792227 0.334156 -1.060809 -2.404228 -3.711427 -5.000000 
10.000000 8.276415 6.576708 4.921660 3.326446 1.799155 0.340467 -1.055655 -2.400606 -3.709565 -5.000000 
10.000000 8.278802 6.581174 4.927643 3.333238 1.806015 0.346723 -1.050538 -2.397007 -3.707712 -5.000000 
10.000000 8.281159 6.585584 4.933556 3.339956 1.812808 0.352926 -1.045458 -2.393431 -3.705871 -5.000000 
10.000000 8.283486 6.589938 4.939398 3.346602 1.819535 0.359076 -1.040417 -2.389877 -3.704040 -5.000000 
10.000000 8.285782 6.594239 4.945173 3.353175 1.826196 0.365173 -1.035414 -2.386348 -3.702219 -5.000000 
10.000000 8.288050 6.598487 4.950880 3.359677 1.832791 0.371216 -1.030449 -2.382841 -3.700410 -5.000000 
10.000000 8.290289 6.602682 4.956520 3.366108 1.839322 0.377207 -1.025521 -2.379359 -3.698612 -5.000000 
10.000000 8.292499 6.606827 4.962095 3.372471 1.845789 0.383146 -1.020632 -2.375901 -3.696826 -5.000000 
10.000000 8.294682 6.610921 4.967606 3.378765 1.852193 0.389033 -1.015781 -2.372466 -3.695051 -5.000000 
10.000000 8.296838 6.614965 4.973053 3.384992 1.858534 0.394867 -1.010968 -2.369056 -3.693287 -5.000000 
10.000000 8.298967 6.618961 4.978438 3.391152 1.864813 0.400650 -1.006194 -2.365670 -3.691535 -5.000000 
10.000000 8.301069 6.622910 4.983762 3.397247 1.871031 0.406382 -1.001457 -2.362309 -3.689795 -5.000000 
10.000000 8.303147 6.626811 4.989025 3.403277 1.877188 0.412063 -0.996758 -2.358973 -3.688067 -5.000000 
10.000000 8.305198 6.630666 4.994229 3.409243 1.883284 0.417694 -0.992097 -2.355661 -3.686351 -5.000000 
10.000000 8.307225 6.634475 4.999374 3.415146 1.889321 0.423274 -0.987475 -2.352373 -3.684647 -5.000000 
10.000000 8.309228 6.638240 5.004461 3.420986 1.895299 0.428803 -0.982890 -2.349111 -3.682955 -5.000000 
10.000000 8.311206 6.641961 5.009492 3.426765 1.901218 0.434284 -0.978343 -2.345873 -3.681275 -5.000000 
10.000000 8.313161 6.645639 5.014466 3.432483 1.907079 0.439714 -0.973833 -2.342660 -3.679607 -5.000000 
10.000000 8.315093 6.649274 5.019385 3.438141 1.912883 0.445096 -0.969361 -2.339472 -3.677952 -5.000000 
10.000000 8.317002 6.652867 5.024249 3.443739 1.918630 0.450429 -0.964926 -2.336309 -3.676309 -5.000000 
10.000000 8.318888 6.656418 5.029060 3.449280 1.924321 0.455714 -0.960529 -2.333171 -3.674678 -5.000000 
10.000000 8.320752 6.659930 5.033818 3.454762 1.929956 0.460950 -0.956169 -2.330057 -3.673059 -5.000000 
10.000000 8.322595 6.663401 5.038523 3.460187 1.935536 0.466139 -0.951846 -2.326969 -3.671453 -5.000000 
10.000000 8.324416 6.666832 5.043178 3.465555 1.941061 0.471280 -0.947560 -2.323905 -3.669859 -5.000000 
10.000000 8.326216 6.670225 5.047781 3.470868 1.946533 0.476374 -0.943310 -2.320866 -3.668278 -5.000000 
10.000000 8.327995 6.673580 5.052334 3.476126 1.951950 0.481422 -0.939097 -2.317851 -3.666709 -5.000000 
10.000000 8.329754 6.676897 5.056838 3.481329 1.957315 0.486423 -0.934921 -2.314862 -3.665152 -5.000000 
10.000000 8.331493 6.680177 5.061293 3.486479 1.962627 0.491378 -0.930781 -2.311897 -3.663608 -5.000000 
10.000000 8.333212 6.683420 5.065700 3.491575 1.967887 0.496287 -0.926676 -2.308956 -3.662076 -5.000000 
10.000000 8.334912 6.686627 5.070059 3.496619 1.973096 0.501150 -0.922608 -2.306040 -3.660557 -5.000000 
10.000000 8.336592 6.689799 5.074372 3.501610 1.978254 0.505969 -0.918575 -2.303149 -3.659049 -5.000000 
10.000000 8.338254 6.692935 5.078639 3.506551 1.983361 0.510743 -0.914578 -2.300281 -3.657554 -5.000000 
10.000000 8.339896 6.696038 5.082859 3.511441 1.988418 0.515473 -0.910616 -2.297438 -3.656072 -5.000000 
10.000000 8.341521 6.699106 5.087035 3.516280 1.993426 0.520158 -0.906690 -2.294620 -3.654601 -5.000000 
10.000000 8.343127 6.702140 5.091167 3.521070 1.998385 0.524800 -0.902798 -2.291825 -3.653143 -5.000000 
10.000000 8.344716 6.705142 5.095255 3.525811 2.003295 0.529399 -0.898941 -2.289054 -3.651697 -5.000000 
10.000000 8.346287 6.708110 5.099299 3.530504 2.008157 0.533955 -0.895118 -2.286307 -3.650263 -5.000000 
10.000000 8.347840 6.711047 5.103301 3.535149 2.012971 0.538468 -0.891330 -2.283584 -3.648841 -5.000000 
10.000000 8.349377 6.713952 5.107260 3.539746 2.017739 0.542938 -0.887575 -2.280884 -3.647431 -5.000000 
10.000000 8.350897 6.716825 5.111178 3.544297 2.022459 0.547367 -0.883855 -2.278208 -3.646033 -5.000000 
10.000000 8.352400 6.719667 5.115054 3.548801 2.027134 0.551754 -0.880168 -2.275555 -3.644647 -5.000000 
10.000000 8.353887 6.722479 5.118890 3.553260 2.031763 0.556100 -0.876514 -2.272926 -3.643273 -5.000000 
10.000000 8.355357 6.725261 5.122686 3.557673 2.036346 0.560405 -0.872894 -2.270319 -3.641911 -5.000000 
10.000000 8.356812 6.728013 5.126442 3.562042 2.040885 0.564669 -0.869307 -2.267736 -3.640561 -5.000000 
10.000000 8.358251 6.730736 5.130159 3.566366 2.045379 0.568893 -0.865752 -2.265176 -3.639222 -5.000000 
10.000000 8.359674 6.733430 5.133838 3.570647 2.049829 0.573077 -0.862230 -2.262638 -3.637895 -5.000000 
10.000000 8.361082 6.736095 5.137478 3.574884 2.054236 0.577221 -0.858740 -2.260123 -3.636580 -5.000000 
10.000000 8.362475 6.738732 5.141080 3.579079 2.058599 0.581327 -0.855282 -2.257630 -3.635276 -5.000000 
10.000000 8.363854 6.741341 5.144645 3.583231 2.062920 0.585393 -0.851856 -2.255160 -3.633984 -5.000000 
10.000000 8.365217 6.743923 5.148173 3.587341 2.067198 0.589421 -0.848462 -2.252712 -3.632703 -5.000000 
10.000000 8.366566 6.746477 5.151665 3.591410 2.071435 0.593410 -0.845098 -2.250286 -3.631434 -5.000000 
10.000000 8.367900 6.749005 5.155121 3.595438 2.075630 0.597362 -0.841766 -2.247882 -3.630176 -5.000000 
10.000000 8.369221 6.751506 5.158541 3.599425 2.079784 0.601276 -0.838465 -2.245500 -3.628929 -5.000000 
10.000000 8.370527 6.753981 5.161926 3.603373 2.083897 0.605153 -0.835194 -2.243139 -3.627693 -5.000000 
10.000000 8.371820 6.756430 5.165276 3.607281 2.087970 0.608992 -0.831954 -2.240800 -3.626468 -5.000000 
10.000000 8.373099 6.758854 5.168592 3.611149 2.092004 0.612795 -0.828744 -2.238482 -3.625255 -5.000000 
10.000000 8.374365 6.761252 5.171874 3.614979 2.095997 0.616562 -0.825564 -2.236186 -3.624052 -5.000000 
10.000000 8.375617 6.763626 5.175122 3.618770 2.099952 0.620293 -0.822414 -2.233910 -3.622860 -5.000000 
10.000000 8.376856 6.765974 5.178337 3.622524 2.103868 0.623988 -0.819293 -2.231656 -3.621679 -5.000000 
10.000000 8.378082 6.768299 5.181520 3.626239 2.107746 0.627648 -0.816201 -2.229422 -3.620509 -5.000000 
10.000000 8.379296 6.770599 5.184670 3.629918 2.111585 0.631273 -0.813138 -2.227208 -3.619349 -5.000000 
10.000000 8.380496 6.772876 5.187787 3.633560 2.115387 0.634863 -0.810104 -2.225015 -3.618200 -5.000000 
10.000000 8.381685 6.775129 5.190873 3.637165 2.119152 0.638419 -0.807098 -2.222843 -3.617062 -5.000000 
10.000000 8.382861 6.777359 5.193928 3.640735 2.122880 0.641940 -0.804121 -2.220690 -3.615934 -5.000000 
10.000000 8.384024 6.779566 5.196952 3.644269 2.126572 0.645428 -0.801172 -2.218558 -3.614816 -5.000000 
10.000000 8.385176 6.781751 5.199945 3.647767 2.130227 0.648883 -0.798250 -2.216445 -3.613709 -5.000000 
10.000000 8.386316 6.783913 5.202908 3.651231 2.133847 0.652304 -0.795357 -2.214352 -3.612611 -5.000000 
10.000000 8.387444 6.786052 5.205841 3.654660 2.137431 0.655692 -0.792490 -2.212278 -3.611524 -5.000000 
10.000000 8.388561 6.788170 5.208744 3.658055 2.140980 0.659048 -0.789651 -2.210224 -3.610447 -5.000000 
10.000000 8.389665 6.790267 5.211618 3.661417 2.144494 0.662371 -0.786838 -2.208189 -3.609380 -5.000000 
10.000000 8.390759 6.792342 5.214462 3.664745 2.147974 0.665662 -0.784052 -2.206173 -3.608323 -5.000000 
10.000000 8.391841 6.794396 5.217279 3.668039 2.151420 0.668922 -0.781293 -2.204176 -3.607276 -5.000000 
10.000000 8.392913 6.796428 5.220066 3.671301 2.154832 0.672150 -0.778560 -2.202198 -3.606238 -5.000000 
10.000000 8.393973 6.798441 5.222826 3.674531 2.158211 0.675348 -0.775852 -2.200238 -3.605210 -5.000000 
10.000000 8.395022 6.800432 5.225558 3.677728 2.161557 0.678514 -0.773171 -2.198297 -3.604192 -5.000000 
10.000000 8.396061 6.802404 5.228262 3.680894 2.164869 0.681650 -0.770515 -2.196374 -3.603183 -5.000000 
10.000000 8.397089 6.804356 5.230940 3.684029 2.168150 0.684755 -0.767884 -2.194469 -3.602184 -5.000000 
10.000000 8.398107 6.806287 5.233590 3.687132 2.171398 0.687831 -0.765279 -2.192582 -3.601194 -5.000000 
10.000000 8.399114 6.808200 5.236214 3.690204 2.174615 0.690876 -0.762698 -2.190713 -3.600213 -5.000000 
10.000000 8.400111 6.810093 5.238812 3.693246 2.177800 0.693893 -0.760142 -2.188861 -3.599242 -5.000000 
10.000000 8.401098 6.811966 5.241383 3.696258 2.180954 0.696880 -0.757611 -2.187028 -3.598280 -5.000000 
10.000000 8.402075 6.813821 5.243929 3.699240 2.184077 0.699838 -0.755103 -2.185211 -3.597327 -5.000000 
10.000000 8.403042 6.815657 5.246449 3.702193 2.187169 0.702768 -0.752620 -2.183412 -3.596382 -5.000000 
10.000000 8.404000 6.817475 5.248945 3.705116 2.190232 0.705669 -0.750160 -2.181630 -3.595447 -5.000000 
10.000000 8.404947 6.819275 5.251415 3.708011 2.193264 0.708543 -0.747724 -2.179864 -3.594521 -5.000000 
10.000000 8.405885 6.821056 5.253860 3.710876 2.196266 0.711388 -0.745312 -2.178116 -3.593603 -5.000000 
10.000000 8.406814 6.822819 5.256281 3.713714 2.199240 0.714206 -0.742922 -2.176384 -3.592694 -5.000000 
10.000000 8.407733 6.824565 5.258678 3.716523 2.202184 0.716997 -0.740555 -2.174669 -3.591794 -5.000000 
10.000000 8.408643 6.826293 5.261052 3.719305 2.205099 0.719760 -0.738212 -2.172970 -3.590902 -5.000000 
10.000000 8.409544 6.828004 5.263401 3.722059 2.207986 0.722497 -0.735890 -2.171287 -3.590018 -5.000000 
10.000000 8.410435 6.829698 5.265727 3.724786 2.210844 0.725207 -0.733591 -2.169621 -3.589143 -5.000000 
10.000000 8.411318 6.831374 5.268030 3.727486 2.213674 0.727891 -0.731314 -2.167970 -3.588277 -5.000000 
10.000000 8.412192 6.833034 5.270310 3.730159 2.216477 0.730549 -0.729059 -2.166335 -3.587419 -5.000000 
10.000000 8.413057 6.834678 5.272567 3.732806 2.219253 0.733181 -0.726826 -2.164716 -3.586568 -5.000000 
10.000000 8.413913 6.836304 5.274802 3.735427 2.222001 0.735787 -0.724615 -2.163112 -3.585726 -5.000000 
10.000000 8.414761 6.837915 5.277015 3.738022 2.224722 0.738368 -0.722424 -2.161524 -3.584892 -5.000000 
10.000000 8.415600 6.839510 5.279206 3.740591 2.227417 0.740924 -0.720255 -2.159951 -3.584066 -5.000000 
10.000000 8.416431 6.841088 5.281375 3.743135 2.230085 0.743456 -0.718107 -2.158393 -3.583248 -5.000000 
10.000000 8.417254 6.842651 5.283522 3.745654 2.232727 0.745962 -0.715979 -2.156850 -3.582438 -5.000000 
10.000000 8.418068 6.844199 5.285648 3.748148 2.235343 0.748445 -0.713872 -2.155321 -3.581635 -5.000000 
10.000000 8.418874 6.845730 5.287753 3.750618 2.237934 0.750903 -0.711785 -2.153808 -3.580840 -5.000000 
10.000000 8.419673 6.847247 5.289837 3.753063 2.240499 0.753337 -0.709719 -2.152309 -3.580053 -5.000000 
10.000000 8.420463 6.848749 5.291901 3.755484 2.243039 0.755748 -0.707672 -2.150824 -3.579273 -5.000000 
10.000000 8.421245 6.850235 5.293944 3.757881 2.245555 0.758135 -0.705645 -2.149354 -3.578501 -5.000000 
10.000000 8.422020 6.851707 5.295967 3.760255 2.248045 0.760499 -0.703638 -2.147898 -3.577736 -5.000000 
10.000000 8.422786 6.853164 5.297970 3.762605 2.250512 0.762840 -0.701650 -2.146456 -3.576979 -5.000000 
10.000000 8.423546 6.854607 5.299953 3.764932 2.252954 0.765158 -0.699682 -2.145027 -3.576229 -5.000000 
10.000000 8.424297 6.856035 5.301916 3.767236 2.255372 0.767454 -0.697732 -2.143613 -3.575486 -5.000000 
10.000000 8.425041 6.857450 5.303860 3.769518 2.257767 0.769727 -0.695802 -2.142212 -3.574750 -5.000000 
10.000000 8.425778 6.858850 5.305785 3.771777 2.260138 0.771978 -0.693890 -2.140825 -3.574021 -5.000000 
10.000000 8.426507 6.860236 5.307690 3.774014 2.262486 0.774207 -0.691997 -2.139451 -3.573299 -5.000000 
10.000000 8.427230 6.861609 5.309577 3.776229 2.264811 0.776415 -0.690122 -2.138090 -3.572585 -5.000000 
10.000000 8.427944 6.862968 5.311446 3.778422 2.267113 0.778601 -0.688265 -2.136743 -3.571877 -5.000000 
10.000000 8.428652 6.864313 5.313295 3.780593 2.269392 0.780765 -0.686426 -2.135409 -3.571176 -5.000000 
10.000000 8.429353 6.865645 5.315127 3.782743 2.271650 0.782909 -0.684605 -2.134087 -3.570481 -5.000000 
10.000000 8.430047 6.866964 5.316940 3.784872 2.273885 0.785031 -0.682802 -2.132778 -3.569794 -5.000000 
10.000000 8.430734 6.868270 5.318736 3.786980 2.276098 0.787134 -0.681016 -2.131482 -3.569113 -5.000000 
10.000000 8.431414 6.869563 5.320514 3.789068 2.278290 0.789215 -0.679248 -2.130199 -3.568439 -5.000000 
10.000000 8.432088 6.870843 5.322274 3.791135 2.280460 0.791276 -0.677497 -2.128928 -3.567771 -5.000000 
10.000000 8.432755 6.872111 5.324017 3.793181 2.282609 0.793317 -0.675763 -2.127669 -3.567109 -5.000000 
10.000000 8.433415 6.873366 5.325743 3.795208 2.284737 0.795339 -0.674045 -2.126422 -3.566454 -5.000000 
10.000000 8.434068 6.874608 5.327452 3.797214 2.286845 0.797340 -0.672344 -2.125188 -3.565806 -5.000000 
10.000000 8.434716 6.875839 5.329144 3.799201 2.288931 0.799322 -0.670660 -2.123965 -3.565163 -5.000000 
10.000000 8.435356 6.877057 5.330819 3.801168 2.290997 0.801285 -0.668993 -2.122755 -3.564527 -5.000000 
10.000000 8.435991 6.878263 5.332478 3.803116 2.293043 0.803228 -0.667341 -2.121556 -3.563897 -5.000000 
10.000000 8.436619 6.879457 5.334120 3.805045 2.295069 0.805153 -0.665706 -2.120368 -3.563273 -5.000000 
10.000000 8.437241 6.880640 5.335746 3.806955 2.297075 0.807059 -0.664086 -2.119193 -3.562655 -5.000000 
10.000000 8.437857 6.881810 5.337356 3.808846 2.299061 0.808946 -0.662482 -2.118028 -3.562044 -5.000000 
10.000000 8.438466 6.882970 5.338951 3.810719 2.301028 0.810814 -0.660894 -2.116875 -3.561438 -5.000000 
10.000000 8.439070 6.884117 5.340529 3.812573 2.302976 0.812665 -0.659321 -2.115733 -3.560838 -5.000000 
10.000000 8.439668 6.885254 5.342093 3.814409 2.304904 0.814497 -0.657764 -2.114603 -3.560243 -5.000000 
10.000000 8.440260 6.886379 5.343640 3.816227 2.306814 0.816312 -0.656222 -2.113483 -3.559655 -5.000000 
10.000000 8.440846 6.887493 5.345173 3.818027 2.308705 0.818109 -0.654694 -2.112374 -3.559072 -5.000000 
10.000000 8.441426 6.888597 5.346690 3.819809 2.310578 0.819888 -0.653182 -2.111276 -3.558495 -5.000000 
10.000000 8.442000 6.889689 5.348193 3.821574 2.312432 0.821650 -0.651684 -2.110188 -3.557924 -5.000000 
10.000000 8.442569 6.890770 5.349681 3.823322 2.314268 0.823395 -0.650201 -2.109111 -3.557358 -5.000000 
10.000000 8.443132 6.891841 5.351154 3.825052 2.316086 0.825123 -0.648733 -2.108045 -3.556797 -5.000000 
10.000000 8.443690 6.892902 5.352612 3.826766 2.317886 0.826833 -0.647278 -2.106989 -3.556242 -5.000000 
10.000000 8.444242 6.893952 5.354057 3.828463 2.319669 0.828527 -0.645838 -2.105943 -3.555693 -5.000000 
10.000000 8.444789 6.894991 5.355487 3.830143 2.321434 0.830205 -0.644412 -2.104908 -3.555149 -5.000000 
10.000000 8.445330 6.896020 5.356903 3.831806 2.323182 0.831866 -0.643000 -2.103882 -3.554610 -5.000000 
10.000000 8.445866 6.897040 5.358305 3.833453 2.324913 0.833511 -0.641602 -2.102867 -3.554076 -5.000000 
10.000000 8.446397 6.898049 5.359693 3.835085 2.326627 0.835140 -0.640217 -2.101861 -3.553547 -5.000000 
10.000000 8.446922 6.899048 5.361068 3.836700 2.328324 0.836753 -0.638846 -2.100865 -3.553024 -5.000000 
10.000000 8.447443 6.900037 5.362429 3.838299 2.330004 0.838350 -0.637488 -2.099879 -3.552506 -5.000000 
10.000000 8.447958 6.901017 5.363777 3.839882 2.331668 0.839932 -0.636143 -2.098903 -3.551993 -5.000000 
10.000000 8.448468 6.901987 5.365111 3.841450 2.333316 0.841498 -0.634812 -2.097936 -3.551484 -5.000000 
10.000000 8.448973 6.902948 5.366433 3.843003 2.334948 0.843049 -0.633493 -2.096978 -3.550981 -5.000000 
10.000000 8.449473 6.903899 5.367741 3.844541 2.336563 0.844585 -0.632187 -2.096030 -3.550483 -5.000000 
10.000000 8.449969 6.904841 5.369037 3.846063 2.338163 0.846105 -0.630894 -2.095091 -3.549989 -5.000000 
10.000000 8.450459 6.905773 5.370320 3.847570 2.339747 0.847611 -0.629614 -2.094161 -3.549500 -5.000000 
10.000000 8.450944 6.906696 5.371590 3.849063 2.341316 0.849102 -0.628346 -2.093240 -3.549016 -5.000000 
10.000000 8.451425 6.907610 5.372848 3.850541 2.342869 0.850579 -0.627091 -2.092329 -3.548537 -5.000000 
10.000000 8.451901 6.908516 5.374094 3.852005 2.344408 0.852041 -0.625848 -2.091426 -3.548063 -5.000000 
10.000000 8.452373 6.909412 5.375327 3.853454 2.345931 0.853489 -0.624617 -2.090532 -3.547593 -5.000000 
10.000000 8.452839 6.910300 5.376548 3.854889 2.347439 0.854922 -0.623398 -2.089646 -3.547127 -5.000000 
10.000000 8.453301 6.911178 5.377757 3.856310 2.348932 0.856342 -0.622190 -2.088769 -3.546666 -5.000000 
10.000000 8.453759 6.912049 5.378955 3.857717 2.350411 0.857748 -0.620995 -2.087901 -3.546210 -5.000000 
10.000000 8.454212 6.912910 5.380140 3.859110 2.351875 0.859140 -0.619811 -2.087042 -3.545758 -5.000000 
10.000000 8.454661 6.913763 5.381314 3.860490 2.353325 0.860518 -0.618639 -2.086190 -3.545311 -5.000000 
10.000000 8.455105 6.914608 5.382477 3.861856 2.354761 0.861883 -0.617479 -2.085347 -3.544868 -5.000000 
10.000000 8.455545 6.915445 5.383628 3.863208 2.356183 0.863235 -0.616329 -2.084512 -3.544429 -5.000000 
10.000000 8.455980 6.916273 5.384768 3.864548 2.357590 0.864573 -0.615191 -2.083686 -3.543994 -5.000000 
10.000000 8.456411 6.917093 5.385896 3.865874 2.358984 0.865898 -0.614064 -2.082867 -3.543564 -5.000000 
10.000000 8.456839 6.917905 5.387014 3.867187 2.360365 0.867211 -0.612948 -2.082056 -3.543138 -5.000000 
10.000000 8.457261 6.918709 5.388120 3.868488 2.361732 0.868510 -0.611843 -2.081254 -3.542716 -5.000000 
10.000000 8.457680 6.919506 5.389216 3.869775 2.363085 0.869797 -0.610749 -2.080459 -3.542298 -5.000000 
10.000000 8.458095 6.920294 5.390301 3.871050 2.364425 0.871071 -0.609665 -2.079672 -3.541884 -5.000000 
10.000000 8.458505 6.921075 5.391375 3.872313 2.365752 0.872333 -0.608592 -2.078892 -3.541475 -5.000000 
10.000000 8.458912 6.921848 5.392439 3.873563 2.367066 0.873582 -0.607530 -2.078121 -3.541069 -5.000000 
10.000000 8.459314 6.922613 5.393492 3.874801 2.368368 0.874820 -0.606478 -2.077356 -3.540667 -5.000000 
10.000000 8.459713 6.923371 5.394535 3.876027 2.369656 0.876045 -0.605436 -2.076600 -3.540269 -5.000000 
10.000000 8.460107 6.924122 5.395568 3.877240 2.370932 0.877258 -0.604404 -2.075850 -3.539876 -5.000000 
10.000000 8.460498 6.924865 5.396591 3.878442 2.372195 0.878459 -0.603383 -2.075108 -3.539485 -5.000000 
10.000000 8.460885 6.925601 5.397603 3.879632 2.373447 0.879648 -0.602371 -2.074373 -3.539099 -5.000000 
10.000000 8.461268 6.926329 5.398606 3.880811 2.374685 0.880826 -0.601369 -2.073646 -3.538717 -5.000000 
10.000000 8.461647 6.927051 5.399599 3.881978 2.375912 0.881993 -0.600377 -2.072925 -3.538338 -5.000000 
10.000000 8.462023 6.927765 5.400582 3.883133 2.377127 0.883148 -0.599395 -2.072212 -3.537963 -5.000000 
10.000000 8.462395 6.928473 5.401555 3.884278 2.378329 0.884291 -0.598423 -2.071505 -3.537591 -5.000000 
10.000000 8.462763 6.929173 5.402519 3.885411 2.379520 0.885424 -0.597459 -2.070805 -3.537224 -5.000000 
10.000000 8.463128 6.929867 5.403474 3.886532 2.380700 0.886545 -0.596506 -2.070113 -3.536859 -5.000000 
10.000000 8.463489 6.930554 5.404419 3.887643 2.381868 0.887655 -0.595561 -2.069427 -3.536499 -5.000000 
10.000000 8.463847 6.931234 5.405355 3.888743 2.383024 0.888755 -0.594626 -2.068747 -3.536142 -5.000000 
10.000000 8.464201 6.931907 5.406282 3.889832 2.384169 0.889844 -0.593700 -2.068075 -3.535788 -5.000000 
10.000000 8.464551 6.932574 5.407199 3.890911 2.385303 0.890922 -0.592783 -2.067409 -3.535438 -5.000000 
10.000000 8.464898 6.933234 5.408108 3.891979 2.386426 0.891989 -0.591875 -2.066749 -3.535091 -5.000000 
10.000000 8.465242 6.933888 5.409008 3.893037 2.387537 0.893047 -0.590976 -2.066096 -3.534748 -5.000000 
10.000000 8.465582 6.934535 5.409899 3.894084 2.388638 0.894093 -0.590086 -2.065449 -3.534408 -5.000000 
10.000000 8.465920 6.935176 5.410781 3.895121 2.389728 0.895130 -0.589204 -2.064809 -3.534071 -5.000000 
10.000000 8.466253 6.935811 5.411654 3.896147 2.390808 0.896156 -0.588331 -2.064174 -3.533738 -5.000000 
10.000000 8.466584 6.936440 5.412519 3.897164 2.391876 0.897173 -0.587467 -2.063546 -3.533408 -5.000000 
10.000000 8.466911 6.937062 5.413376 3.898171 2.392935 0.898179 -0.586611 -2.062925 -3.533081 -5.000000 
10.000000 8.467235 6.937678 5.414224 3.899168 2.393983 0.899176 -0.585763 -2.062309 -3.532757 -5.000000 
10.000000 8.467556 6.938289 5.415064 3.900155 2.395021 0.900163 -0.584924 -2.061699 -3.532437 -5.000000 
10.000000 8.467873 6.938893 5.415895 3.901132 2.396048 0.901140 -0.584093 -2.061095 -3.532119 -5.000000 
10.000000 8.468188 6.939491 5.416719 3.902100 2.397066 0.902107 -0.583270 -2.060497 -3.531805 -5.000000 
10.000000 8.468500 6.940084 5.417534 3.903059 2.398073 0.903065 -0.582455 -2.059905 -3.531494 -5.000000 
10.000000 8.468808 6.940670 5.418342 3.904008 2.399071 0.904014 -0.581648 -2.059319 -3.531185 -5.000000 
10.000000 8.469113 6.941251 5.419141 3.904947 2.400059 0.904954 -0.580849 -2.058739 -3.530880 -5.000000 
10.000000 8.469416 6.941826 5.419933 3.905878 2.401037 0.905884 -0.580058 -2.058164 -3.530578 -5.000000 
10.000000 8.469715 6.942396 5.420717 3.906799 2.402006 0.906805 -0.579274 -2.057595 -3.530279 -5.000000 
10.000000 8.470012 6.942960 5.421493 3.907712 2.402965 0.907717 -0.578498 -2.057031 -3.529983 -5.000000 
10.000000 8.470305 6.943518 5.422261 3.908615 2.403915 0.908621 -0.577730 -2.056473 -3.529689 -5.000000 
10.000000 8.470596 6.944071 5.423022 3.909510 2.404856 0.909515 -0.576969 -2.055920 -3.529399 -5.000000 
10.000000 8.470884 6.944619 5.423776 3.910396 2.405787 0.910401 -0.576216 -2.055373 -3.529111 -5.000000 
10.000000 8.471169 6.945161 5.424522 3.911273 2.406709 0.911278 -0.575470 -2.054831 -3.528826 -5.000000 
10.000000 8.471451 6.945698 5.425261 3.912141 2.407622 0.912146 -0.574731 -2.054294 -3.528544 -5.000000 
10.000000 8.471731 6.946230 5.425993 3.913002 2.408527 0.913006 -0.574000 -2.053763 -3.528265 -5.000000 
10.000000 8.472008 6.946756 5.426718 3.913853 2.409422 0.913857 -0.573276 -2.053237 -3.527988 -5.000000 
10.000000 8.472282 6.947278 5.427435 3.914697 2.410309 0.914701 -0.572558 -2.052716 -3.527714 -5.000000 
10.000000 8.472553 6.947794 5.428145 3.915532 2.411187 0.915536 -0.571848 -2.052200 -3.527443 -5.000000 
10.000000 8.472822 6.948305 5.428849 3.916359 2.412056 0.916362 -0.571145 -2.051689 -3.527174 -5.000000 
10.000000 8.473088 6.948811 5.429545 3.917177 2.412917 0.917181 -0.570449 -2.051183 -3.526908 -5.000000 
10.000000 8.473352 6.949312 5.430235 3.917988 2.413769 0.917992 -0.569759 -2.050682 -3.526645 -5.000000 
10.000000 8.473612 6.949808 5.430918 3.918791 2.414613 0.918794 -0.569076 -2.050186 -3.526384 -5.000000 
10.000000 8.473871 6.950300 5.431594 3.919586 2.415449 0.919589 -0.568400 -2.049695 -3.526126 -5.000000 
10.000000 8.474127 6.950786 5.432264 3.920373 2.416277 0.920376 -0.567731 -2.049209 -3.525870 -5.000000 
10.000000 8.474380 6.951268 5.432927 3.921153 2.417096 0.921156 -0.567068 -2.048727 -3.525617 -5.000000 
10.000000 8.474631 6.951745 5.433584 3.921924 2.417908 0.921927 -0.566411 -2.048250 -3.525366 -5.000000 
10.000000 8.474879 6.952218 5.434234 3.922689 2.418712 0.922692 -0.565761 -2.047778 -3.525118 -5.000000 
10.000000 8.475125 6.952685 5.434878 3.923446 2.419507 0.923448 -0.565118 -2.047310 -3.524872 -5.000000 
10.000000 8.475369 6.953149 5.435515 3.924195 2.420295 0.924198 -0.564480 -2.046847 -3.524629 -5.000000 
10.000000 8.475610 6.953607 5.436147 3.924937 2.421075 0.924939 -0.563849 -2.046389 -3.524388 -5.000000 
10.000000 8.475849 6.954061 5.436772 3.925672 2.421848 0.925674 -0.563224 -2.045935 -3.524149 -5.000000 
10.000000 8.476085 6.954511 5.437391 3.926399 2.422613 0.926402 -0.562606 -2.045485 -3.523913 -5.000000 
10.000000 8.476319 6.954957 5.438004 3.927120 2.423371 0.927122 -0.561993 -2.045040 -3.523679 -5.000000 
10.000000 8.476551 6.955398 5.438611 3.927833 2.424121 0.927835 -0.561386 -2.044599 -3.523447 -5.000000 
10.000000 8.476780 6.955834 5.439212 3.928540 2.424863 0.928542 -0.560785 -2.044163 -3.523217 -5.000000 
10.000000 8.477008 6.956267 5.439807 3.929239 2.425599 0.929241 -0.560190 -2.043730 -3.522990 -5.000000 
10.000000 8.477233 6.956695 5.440396 3.929932 2.426327 0.929934 -0.559601 -2.043302 -3.522765 -5.000000 
10.000000 8.477456 6.957119 5.440979 3.930618 2.427048 0.930620 -0.559018 -2.042878 -3.522542 -5.000000 
10.000000 8.477676 6.957538 5.441557 3.931297 2.427762 0.931299 -0.558440 -2.042459 -3.522322 -5.000000 
10.000000 8.477895 6.957954 5.442129 3.931970 2.428470 0.931971 -0.557868 -2.042043 -3.522103 -5.000000 
10.000000 8.478111 6.958366 5.442696 3.932636 2.429170 0.932637 -0.557302 -2.041632 -3.521887 -5.000000 
10.000000 8.478326 6.958773 5.443257 3.933295 2.429863 0.933297 -0.556741 -2.041224 -3.521673 -5.000000 
10.000000 8.478538 6.959177 5.443812 3.933948 2.430550 0.933949 -0.556185 -2.040821 -3.521461 -5.000000 
10.000000 8.478748 6.959577 5.444362 3.934595 2.431229 0.934596 -0.555635 -2.040421 -3.521251 -5.000000 
10.000000 8.478956 6.959972 5.444907 3.935235 2.431903 0.935236 -0.555091 -2.040026 -3.521043 -5.000000 
10.000000 8.479162 6.960364 5.445446 3.935869 2.432569 0.935870 -0.554552 -2.039634 -3.520837 -5.000000 
10.000000 8.479366 6.960752 5.445980 3.936497 2.433229 0.936498 -0.554018 -2.039246 -3.520633 -5.000000 
10.000000 8.479568 6.961136 5.446509 3.937118 2.433883 0.937119 -0.553489 -2.038862 -3.520431 -5.000000 
10.000000 8.479768 6.961517 5.447033 3.937734 2.434530 0.937735 -0.552965 -2.038481 -3.520231 -5.000000 
10.000000 8.479966 6.961894 5.447551 3.938343 2.435171 0.938344 -0.552447 -2.038105 -3.520033 -5.000000 
10.000000 8.480162 6.962267 5.448065 3.938947 2.435806 0.938948 -0.551934 -2.037732 -3.519837 -5.000000 
10.000000 8.480356 6.962636 5.448573 3.939545 2.436434 0.939546 -0.551425 -2.037362 -3.519642 -5.000000 
10.000000 8.480549 6.963002 5.449077 3.940136 2.437056 0.940137 -0.550922 -2.036997 -3.519450 -5.000000 
10.000000 8.480739 6.963364 5.449575 3.940722 2.437672 0.940723 -0.550423 -2.036635 -3.519260 -5.000000 
10.000000 8.480928 6.963723 5.450069 3.941303 2.438282 0.941304 -0.549930 -2.036276 -3.519071 -5.000000 
10.000000 8.481114 6.964078 5.450557 3.941877 2.438886 0.941878 -0.549441 -2.035921 -3.518885 -5.000000 
10.000000 8.481299 6.964429 5.451041 3.942446 2.439485 0.942447 -0.548957 -2.035569 -3.518700 -5.000000 
10.000000 8.481482 6.964778 5.451521 3.943010 2.440077 0.943010 -0.548478 -2.035221 -3.518517 -5.000000 
10.000000 8.481664 6.965122 5.451995 3.943567 2.440664 0.943568 -0.548003 -2.034876 -3.518336 -5.000000 
10.000000 8.481843 6.965464 5.452465 3.944120 2.441244 0.944121 -0.547534 -2.034535 -3.518156 -5.000000 
10.000000 8.482021 6.965802 5.452930 3.944667 2.441820 0.944668 -0.547068 -2.034197 -3.517978 -5.000000 
10.000000 8.482197 6.966137 5.453391 3.945208 2.442389 0.945209 -0.546608 -2.033862 -3.517802 -5.000000 
10.000000 8.482371 6.966468 5.453848 3.945745 2.442953 0.945745 -0.546151 -2.033531 -3.517628 -5.000000 
10.000000 8.482544 6.966796 5.454299 3.946276 2.443511 0.946277 -0.545700 -2.033203 -3.517456 -5.000000 
10.000000 8.482715 6.967121 5.454747 3.946802 2.444064 0.946802 -0.545252 -2.032878 -3.517285 -5.000000 
10.000000 8.482884 6.967443 5.455190 3.947323 2.444612 0.947323 -0.544809 -2.032556 -3.517116 -5.000000 
10.000000 8.483051 6.967762 5.455628 3.947838 2.445154 0.947839 -0.544371 -2.032237 -3.516948 -5.000000 
10.000000 8.483217 6.968078 5.456063 3.948349 2.445691 0.948349 -0.543936 -2.031922 -3.516782 -5.000000 
10.000000 8.483382 6.968390 5.456493 3.948854 2.446223 0.948855 -0.543506 -2.031609 -3.516618 -5.000000 
10.000000 8.483544 6.968699 5.456919 3.949355 2.446749 0.949356 -0.543081 -2.031300 -3.516455 -5.000000 
10.000000 8.483705 6.969006 5.457340 3.949851 2.447270 0.949851 -0.542659 -2.030993 -3.516294 -5.000000 
10.000000 8.483865 6.969309 5.457758 3.950342 2.447786 0.950342 -0.542241 -2.030690 -3.516135 -5.000000 
10.000000 8.484023 6.969610 5.458171 3.950828 2.448298 0.950828 -0.541828 -2.030390 -3.515977 -5.000000 
10.000000 8.484179 6.969907 5.458581 3.951309 2.448804 0.951310 -0.541418 -2.030092 -3.515820 -5.000000 
10.000000 8.484334 6.970202 5.458986 3.951786 2.449305 0.951786 -0.541013 -2.029798 -3.515665 -5.000000 
10.000000 8.484487 6.970493 5.459388 3.952258 2.449801 0.952258 -0.540611 -2.029506 -3.515512 -5.000000 
10.000000 8.484639 6.970782 5.459785 3.952725 2.450292 0.952725 -0.540214 -2.029217 -3.515360 -5.000000 
10.000000 8.484790 6.971068 5.460179 3.953188 2.450779 0.953188 -0.539820 -2.028931 -3.515210 -5.000000 
10.000000 8.484939 6.971352 5.460569 3.953646 2.451261 0.953646 -0.539431 -2.028648 -3.515061 -5.000000 
10.000000 8.485086 6.971632 5.460955 3.954100 2.451738 0.954100 -0.539045 -2.028367 -3.514914 -5.000000 
10.000000 8.485232 6.971910 5.461337 3.954549 2.452210 0.954549 -0.538662 -2.028090 -3.514768 -5.000000 
10.000000 8.485377 6.972185 5.461716 3.954994 2.452678 0.954994 -0.538284 -2.027815 -3.514623 -5.000000 
10.000000 8.485520 6.972457 5.462090 3.955435 2.453141 0.955435 -0.537909 -2.027543 -3.514480 -5.000000 
10.000000 8.485661 6.972727 5.462461 3.955871 2.453600 0.955871 -0.537538 -2.027273 -3.514338 -5.000000 
10.000000 8.485802 6.972994 5.462829 3.956303 2.454054 0.956303 -0.537171 -2.027006 -3.514198 -5.000000 
10.000000 8.485941 6.973258 5.463193 3.956731 2.454504 0.956731 -0.536807 -2.026742 -3.514059 -5.000000 
10.000000 8.486078 6.973520 5.463553 3.957154 2.454949 0.957154 -0.536447 -2.026480 -3.513921 -5.000000 
10.000000 8.486215 6.973779 5.463910 3.957574 2.455390 0.957574 -0.536090 -2.026221 -3.513785 -5.000000 
10.000000 8.486350 6.974036 5.464263 3.957989 2.455827 0.957989 -0.535737 -2.025964 -3.513650 -5.000000 
10.000000 8.486483 6.974290 5.464613 3.958400 2.456259 0.958400 -0.535387 -2.025710 -3.513516 -5.000000 
10.000000 8.486616 6.974541 5.464959 3.958807 2.456688 0.958808 -0.535040 -2.025458 -3.513384 -5.000000 
10.000000 8.486747 6.974791 5.465302 3.959211 2.457112 0.959211 -0.534697 -2.025209 -3.513253 -5.000000 
10.000000 8.486876 6.975037 5.465642 3.959610 2.457531 0.959610 -0.534358 -2.024962 -3.513123 -5.000000 
10.000000 8.487005 6.975282 5.465978 3.960005 2.457947 0.960005 -0.534021 -2.024718 -3.512995 -5.000000 
10.000000 8.487132 6.975524 5.466311 3.960397 2.458359 0.960397 -0.533688 -2.024476 -3.512868 -5.000000 
10.000000 8.487258 6.975763 5.466641 3.960784 2.458766 0.960785 -0.533359 -2.024236 -3.512742 -5.000000 
10.000000 8.487383 6.976001 5.466968 3.961168 2.459170 0.961168 -0.533032 -2.023999 -3.512617 -5.000000 
10.000000 8.487506 6.976235 5.467291 3.961548 2.459570 0.961548 -0.532709 -2.023764 -3.512494 -5.000000 
10.000000 8.487629 6.976468 5.467611 3.961925 2.459965 0.961925 -0.532389 -2.023532 -3.512371 -5.000000 
10.000000 8.487750 6.976698 5.467928 3.962297 2.460357 0.962298 -0.532072 -2.023301 -3.512250 -5.000000 
10.000000 8.487870 6.976927 5.468242 3.962666 2.460745 0.962667 -0.531758 -2.023073 -3.512130 -5.000000 
10.000000 8.487988 6.977152 5.468553 3.963032 2.461130 0.963032 -0.531447 -2.022847 -3.512012 -5.000000 
10.000000 8.488106 6.977376 5.468861 3.963394 2.461510 0.963394 -0.531139 -2.022624 -3.511894 -5.000000 
10.000000 8.488222 6.977598 5.469166 3.963752 2.461887 0.963752 -0.530834 -2.022402 -3.511778 -5.000000 
10.000000 8.488338 6.977817 5.469467 3.964107 2.462260 0.964107 -0.530532 -2.022183 -3.511662 -5.000000 
10.000000 8.488452 6.978034 5.469766 3.964458 2.462629 0.964458 -0.530233 -2.021966 -3.511548 -5.000000 
10.000000 8.488565 6.978249 5.470062 3.964806 2.462995 0.964806 -0.529937 -2.021751 -3.511435 -5.000000 
10.000000 8.488677 6.978462 5.470355 3.965151 2.463357 0.965151 -0.529644 -2.021538 -3.511323 -5.000000 
10.000000 8.488788 6.978673 5.470646 3.965492 2.463716 0.965492 -0.529354 -2.021327 -3.511212 -5.000000 
10.000000 8.488897 6.978881 5.470933 3.965830 2.464071 0.965830 -0.529067 -2.021118 -3.511103 -5.000000 
10.000000 8.489006 6.979088 5.471217 3.966164 2.464423 0.966164 -0.528782 -2.020912 -3.510994 -5.000000 
10.000000 8.489114 6.979293 5.471499 3.966495 2.464771 0.966495 -0.528501 -2.020707 -3.510886 -5.000000 
10.000000 8.489220 6.979496 5.471778 3.966823 2.465116 0.966823 -0.528222 -2.020504 -3.510780 -5.000000 
10.000000 8.489326 6.979696 5.472054 3.967148 2.465457 0.967148 -0.527945 -2.020304 -3.510674 -5.000000 
10.000000 8.489430 6.979895 5.472328 3.967470 2.465796 0.967470 -0.527672 -2.020105 -3.510570 -5.000000 
10.000000 8.489534 6.980092 5.472599 3.967788 2.466130 0.967788 -0.527401 -2.019908 -3.510466 -5.000000 
10.000000 8.489636 6.980287 5.472867 3.968103 2.466462 0.968103 -0.527133 -2.019713 -3.510364 -5.000000 
10.000000 8.489738 6.980480 5.473133 3.968416 2.466790 0.968416 -0.526867 -2.019520 -3.510262 -5.000000 
10.000000 8.489838 6.980671 5.473396 3.968725 2.467115 0.968725 -0.526604 -2.019329 -3.510162 -5.000000 
10.000000 8.489938 6.980860 5.473656 3.969031 2.467437 0.969031 -0.526344 -2.019140 -3.510062 -5.000000 
10.000000 8.490036 6.981047 5.473914 3.969334 2.467756 0.969334 -0.526086 -2.018953 -3.509964 -5.000000 
10.000000 8.490134 6.981233 5.474169 3.969634 2.468072 0.969634 -0.525831 -2.018767 -3.509866 -5.000000 
10.000000 8.490230 6.981417 5.474422 3.969931 2.468384 0.969932 -0.525578 -2.018583 -3.509770 -5.000000 
10.000000 8.490326 6.981599 5.474673 3.970226 2.468694 0.970226 -0.525327 -2.018401 -3.509674 -5.000000 
10.000000 8.490420 6.981779 5.474920 3.970517 2.469000 0.970517 -0.525079 -2.018221 -3.509579 -5.000000 
10.000000 8.490514 6.981957 5.475166 3.970806 2.469304 0.970806 -0.524834 -2.018043 -3.509486 -5.000000 
10.000000 8.490607 6.982134 5.475409 3.971092 2.469604 0.971092 -0.524591 -2.017866 -3.509393 -5.000000 
10.000000 8.490699 6.982309 5.475650 3.971375 2.469902 0.971375 -0.524350 -2.017691 -3.509301 -5.000000 
10.000000 8.490790 6.982482 5.475888 3.971655 2.470196 0.971655 -0.524112 -2.017518 -3.509210 -5.000000 
10.000000 8.490880 6.982653 5.476124 3.971932 2.470488 0.971932 -0.523876 -2.017347 -3.509120 -5.000000 
10.000000 8.490970 6.982823 5.476358 3.972207 2.470777 0.972207 -0.523642 -2.017177 -3.509030 -5.000000 
10.000000 8.491058 6.982991 5.476589 3.972479 2.471063 0.972479 -0.523411 -2.017009 -3.508942 -5.000000 
10.000000 8.491145 6.983158 5.476818 3.972748 2.471346 0.972749 -0.523181 -2.016842 -3.508855 -5.000000 
10.000000 8.491232 6.983322 5.477045 3.973015 2.471627 0.973015 -0.522955 -2.016677 -3.508768 -5.000000 
10.000000 8.491318 6.983486 5.477270 3.973279 2.471904 0.973279 -0.522730 -2.016514 -3.508682 -5.000000 
10.000000 8.491403 6.983647 5.477493 3.973541 2.472179 0.973541 -0.522507 -2.016353 -3.508597 -5.000000 
10.000000 8.491487 6.983807 5.477713 3.973800 2.472452 0.973800 -0.522287 -2.016192 -3.508513 -5.000000 
10.000000 8.491570 6.983966 5.477931 3.974056 2.472721 0.974056 -0.522069 -2.016034 -3.508430 -5.000000 
10.000000 8.491653 6.984123 5.478147 3.974310 2.472988 0.974310 -0.521853 -2.015877 -3.508347 -5.000000 
10.000000 8.491735 6.984278 5.478361 3.974562 2.473253 0.974562 -0.521639 -2.015722 -3.508265 -5.000000 
10.000000 8.491816 6.984432 5.478573 3.974811 2.473515 0.974811 -0.521427 -2.015568 -3.508184 -5.000000 
10.000000 8.491896 6.984585 5.478783 3.975057 2.473774 0.975057 -0.521217 -2.015415 -3.508104 -5.000000 
10.000000 8.491975 6.984736 5.478990 3.975302 2.474031 0.975302 -0.521010 -2.015264 -3.508025 -5.000000 
10.000000 8.492054 6.984885 5.479196 3.975543 2.474285 0.975543 -0.520804 -2.015115 -3.507946 -5.000000 
10.000000 8.492131 6.985033 5.479400 3.975783 2.474536 0.975783 -0.520600 -2.014967 -3.507869 -5.000000 
10.000000 8.492208 6.985179 5.479601 3.976020 2.474786 0.976020 -0.520399 -2.014821 -3.507792 -5.000000 
10.000000 8.492285 6.985324 5.479801 3.976255 2.475033 0.976255 -0.520199 -2.014675 -3.507715 -5.000000 
10.000000 8.492360 6.985468 5.479999 3.976487 2.475277 0.976487 -0.520001 -2.014532 -3.507640 -5.000000 
10.000000 8.492435 6.985610 5.480194 3.976717 2.475519 0.976717 -0.519806 -2.014390 -3.507565 -5.000000 
10.000000 8.492509 6.985751 5.480388 3.976945 2.475759 0.976945 -0.519612 -2.014249 -3.507491 -5.000000 
10.000000 8.492582 6.985891 5.480580 3.977171 2.475996 0.977171 -0.519420 -2.014109 -3.507418 -5.000000 
10.000000 8.492655 6.986029 5.480770 3.977394 2.476231 0.977394 -0.519230 -2.013971 -3.507345 -5.000000 
10.000000 8.492727 6.986166 5.480959 3.977615 2.476464 0.977615 -0.519041 -2.013834 -3.507273 -5.000000 
10.000000 8.492798 6.986301 5.481145 3.977835 2.476694 0.977835 -0.518855 -2.013699 -3.507202 -5.000000 
10.000000 8.492869 6.986435 5.481330 3.978052 2.476922 0.978052 -0.518670 -2.013565 -3.507131 -5.000000 
10.000000 8.492938 6.986568 5.481512 3.978266 2.477148 0.978266 -0.518488 -2.013432 -3.507062 -5.000000 
10.000000 8.493007 6.986699 5.481693 3.978479 2.477372 0.978479 -0.518307 -2.013301 -3.506993 -5.000000 
10.000000 8.493076 6.986830 5.481872 3.978690 2.477593 0.978690 -0.518128 -2.013170 -3.506924 -5.000000 
10.000000 8.493144 6.986958 5.482050 3.978898 2.477812 0.978898 -0.517950 -2.013041 -3.506856 -5.000000 
10.000000 8.493211 6.987086 5.482226 3.979105 2.478030 0.979105 -0.517774 -2.012914 -3.506789 -5.000000 
10.000000 8.493277 6.987213 5.482400 3.979309 2.478245 0.979310 -0.517600 -2.012787 -3.506723 -5.000000 
10.000000 8.493343 6.987338 5.482572 3.979512 2.478458 0.979512 -0.517428 -2.012662 -3.506657 -5.000000 
10.000000 8.493408 6.987462 5.482742 3.979713 2.478669 0.979713 -0.517257 -2.012538 -3.506592 -5.000000 
10.000000 8.493473 6.987584 5.482911 3.979911 2.478877 0.979911 -0.517089 -2.012416 -3.506527 -5.000000 
10.000000 8.493537 6.987706 5.483079 3.980108 2.479084 0.980108 -0.516921 -2.012294 -3.506463 -5.000000 
10.000000 8.493600 6.987826 5.483244 3.980303 2.479289 0.980303 -0.516756 -2.012174 -3.506400 -5.000000 
10.000000 8.493663 6.987945 5.483408 3.980495 2.479492 0.980495 -0.516592 -2.012055 -3.506337 -5.000000 
10.000000 8.493725 6.988063 5.483571 3.980686 2.479692 0.980686 -0.516429 -2.011937 -3.506275 -5.000000 
10.000000 8.493786 6.988180 5.483732 3.980875 2.479891 0.980875 -0.516268 -2.011820 -3.506214 -5.000000 
10.000000 8.493847 6.988296 5.483891 3.981063 2.480088 0.981063 -0.516109 -2.011704 -3.506153 -5.000000 
10.000000 8.493907 6.988411 5.484049 3.981248 2.480283 0.981248 -0.515951 -2.011589 -3.506093 -5.000000 
10.000000 8.493967 6.988524 5.484205 3.981431 2.480476 0.981431 -0.515795 -2.011476 -3.506033 -5.000000 
10.000000 8.494026 6.988636 5.484359 3.981613 2.480667 0.981613 -0.515641 -2.011364 -3.505974 -5.000000 
10.000000 8.494084 6.988748 5.484512 3.981793 2.480856 0.981793 -0.515488 -2.011252 -3.505916 -5.000000 
10.000000 8.494142 6.988858 5.484664 3.981971 2.481044 0.981971 -0.515336 -2.011142 -3.505858 -5.000000 
10.000000 8.494200 6.988967 5.484814 3.982148 2.481229 0.982148 -0.515186 -2.011033 -3.505800 -5.000000 
10.000000 8.494256 6.989075 5.484963 3.982323 2.481413 0.982323 -0.515037 -2.010925 -3.505744 -5.000000 
10.000000 8.494313 6.989182 5.485110 3.982496 2.481595 0.982496 -0.514890 -2.010818 -3.505687 -5.000000 
10.000000 8.494368 6.989288 5.485256 3.982667 2.481775 0.982667 -0.514744 -2.010712 -3.505632 -5.000000 
10.000000 8.494423 6.989392 5.485400 3.982837 2.481953 0.982837 -0.514600 -2.010607 -3.505577 -5.000000 
10.000000 8.494478 6.989496 5.485543 3.983005 2.482130 0.983005 -0.514457 -2.010504 -3.505522 -5.000000 
10.000000 8.494532 6.989599 5.485684 3.983171 2.482305 0.983171 -0.514316 -2.010401 -3.505468 -5.000000 
10.000000 8.494585 6.989701 5.485825 3.983336 2.482478 0.983336 -0.514175 -2.010299 -3.505415 -5.000000 
10.000000 8.494638 6.989802 5.485963 3.983499 2.482650 0.983499 -0.514037 -2.010198 -3.505362 -5.000000 
10.000000 8.494691 6.989902 5.486101 3.983660 2.482820 0.983660 -0.513899 -2.010098 -3.505309 -5.000000 
10.000000 8.494743 6.990000 5.486237 3.983820 2.482988 0.983820 -0.513763 -2.010000 -3.505257 -5.000000 
10.000000 8.494794 6.990098 5.486372 3.983979 2.483154 0.983979 -0.513628 -2.009902 -3.505206 -5.000000 
10.000000 8.494845 6.990195 5.486505 3.984136 2.483319 0.984136 -0.513495 -2.009805 -3.505155 -5.000000 
10.000000 8.494896 6.990291 5.486637 3.984291 2.483482 0.984291 -0.513363 -2.009709 -3.505104 -5.000000 
10.000000 8.494946 6.990386 5.486768 3.984445 2.483644 0.984445 -0.513232 -2.009614 -3.505054 -5.000000 
10.000000 8.494995 6.990480 5.486897 3.984597 2.483804 0.984597 -0.513103 -2.009520 -3.505005 -5.000000 
10.000000 8.495044 6.990574 5.487026 3.984748 2.483963 0.984748 -0.512974 -2.009426 -3.504956 -5.000000 
10.000000 8.495093 6.990666 5.487153 3.984897 2.484120 0.984897 -0.512847 -2.009334 -3.504907 -5.000000 
10.000000 8.495141 6.990757 5.487278 3.985045 2.484275 0.985045 -0.512722 -2.009243 -3.504859 -5.000000 
10.000000 8.495188 6.990848 5.487403 3.985191 2.484429 0.985191 -0.512597 -2.009152 -3.504812 -5.000000 
10.000000 8.495235 6.990937 5.487526 3.985336 2.484582 0.985336 -0.512474 -2.009063 -3.504765 -5.000000 
10.000000 8.495282 6.991026 5.487648 3.985480 2.484732 0.985480 -0.512352 -2.008974 -3.504718 -5.000000 
10.000000 8.495328 6.991114 5.487769 3.985622 2.484882 0.985622 -0.512231 -2.008886 -3.504672 -5.000000 
10.000000 8.495374 6.991201 5.487889 3.985763 2.485030 0.985763 -0.512111 -2.008799 -3.504626 -5.000000 
10.000000 8.495419 6.991287 5.488008 3.985902 2.485176 0.985902 -0.511992 -2.008713 -3.504581 -5.000000 
10.000000 8.495464 6.991372 5.488125 3.986040 2.485322 0.986040 -0.511875 -2.008628 -3.504536 -5.000000 
10.000000 8.495509 6.991457 5.488241 3.986177 2.485465 0.986177 -0.511759 -2.008543 -3.504491 -5.000000 
10.000000 8.495552 6.991540 5.488356 3.986312 2.485608 0.986312 -0.511644 -2.008460 -3.504448 -5.000000 
10.000000 8.495596 6.991623 5.488470 3.986446 2.485748 0.986446 -0.511530 -2.008377 -3.504404 -5.000000 
10.000000 8.495639 6.991705 5.488583 3.986579 2.485888 0.986579 -0.511417 -2.008295 -3.504361 -5.000000 
10.000000 8.495682 6.991786 5.488695 3.986710 2.486026 0.986710 -0.511305 -2.008214 -3.504318 -5.000000 
10.000000 8.495724 6.991867 5.488806 3.986840 2.486163 0.986840 -0.511194 -2.008133 -3.504276 -5.000000 
10.000000 8.495766 6.991946 5.488915 3.986969 2.486298 0.986969 -0.511085 -2.008054 -3.504234 -5.000000 
10.000000 8.495807 6.992025 5.489024 3.987096 2.486432 0.987096 -0.510976 -2.007975 -3.504193 -5.000000 
10.000000 8.495848 6.992103 5.489131 3.987223 2.486565 0.987223 -0.510869 -2.007897 -3.504152 -5.000000 
10.000000 8.495889 6.992181 5.489237 3.987348 2.486697 0.987348 -0.510763 -2.007819 -3.504111 -5.000000 
10.000000 8.495929 6.992257 5.489343 3.987472 2.486827 0.987472 -0.510657 -2.007743 -3.504071 -5.000000 
10.000000 8.495969 6.992333 5.489447 3.987594 2.486956 0.987594 -0.510553 -2.007667 -3.504031 -5.000000 
10.000000 8.496009 6.992408 5.489550 3.987716 2.487084 0.987716 -0.510450 -2.007592 -3.503991 -5.000000 
10.000000 8.496048 6.992482 5.489653 3.987836 2.487210 0.987836 -0.510347 -2.007518 -3.503952 -5.000000 
10.000000 8.496086 6.992556 5.489754 3.987955 2.487335 0.987955 -0.510246 -2.007444 -3.503914 -5.000000 
10.000000 8.496125 6.992629 5.489854 3.988073 2.487459 0.988073 -0.510146 -2.007371 -3.503875 -5.000000 
10.000000 8.496163 6.992701 5.489954 3.988190 2.487582 0.988190 -0.510046 -2.007299 -3.503837 -5.000000 
10.000000 8.496200 6.992772 5.490052 3.988305 2.487703 0.988305 -0.509948 -2.007228 -3.503800 -5.000000 
10.000000 8.496237 6.992843 5.490149 3.988420 2.487824 0.988420 -0.509851 -2.007157 -3.503763 -5.000000 
10.000000 8.496274 6.992913 5.490246 3.988533 2.487943 0.988533 -0.509754 -2.007087 -3.503726 -5.000000 
10.000000 8.496311 6.992982 5.490341 3.988645 2.488061 0.988645 -0.509659 -2.007018 -3.503689 -5.000000 
10.000000 8.496347 6.993051 5.490436 3.988757 2.488178 0.988757 -0.509564 -2.006949 -3.503653 -5.000000 
10.000000 8.496383 6.993119 5.490529 3.988867 2.488294 0.988867 -0.509471 -2.006881 -3.503617 -5.000000 
10.000000 8.496418 6.993187 5.490622 3.988976 2.488408 0.988976 -0.509378 -2.006813 -3.503582 -5.000000 
10.000000 8.496453 6.993253 5.490714 3.989084 2.488522 0.989084 -0.509286 -2.006747 -3.503547 -5.000000 
10.000000 8.496488 6.993319 5.490805 3.989190 2.488634 0.989190 -0.509195 -2.006681 -3.503512 -5.000000 
10.000000 8.496522 6.993385 5.490895 3.989296 2.488745 0.989296 -0.509105 -2.006615 -3.503478 -5.000000 
10.000000 8.496556 6.993449 5.490984 3.989401 2.488856 0.989401 -0.509016 -2.006551 -3.503444 -5.000000 
10.000000 8.496590 6.993514 5.491072 3.989505 2.488965 0.989505 -0.508928 -2.006486 -3.503410 -5.000000 
10.000000 8.496623 6.993577 5.491160 3.989607 2.489073 0.989607 -0.508840 -2.006423 -3.503377 -5.000000 
10.000000 8.496656 6.993640 5.491246 3.989709 2.489180 0.989709 -0.508754 -2.006360 -3.503344 -5.000000 
10.000000 8.496689 6.993702 5.491332 3.989810 2.489286 0.989810 -0.508668 -2.006298 -3.503311 -5.000000 
10.000000 8.496721 6.993764 5.491417 3.989910 2.489390 0.989910 -0.508583 -2.006236 -3.503279 -5.000000 
10.000000 8.496754 6.993825 5.491501 3.990008 2.489494 0.990008 -0.508499 -2.006175 -3.503246 -5.000000 
10.000000 8.496785 6.993885 5.491584 3.990106 2.489597 0.990106 -0.508416 -2.006115 -3.503215 -5.000000 
10.000000 8.496817 6.993945 5.491666 3.990203 2.489699 0.990203 -0.508334 -2.006055 -3.503183 -5.000000 
10.000000 8.496848 6.994004 5.491748 3.990299 2.489800 0.990299 -0.508252 -2.005996 -3.503152 -5.000000 
