0 0
1 0
1 106
1 110
1 115
1 167
1 169
1 344
1 345
1 357
1 358
1 359
1 364
1 365
1 366
1 385
1 386
1 446
1 447
1 448
1 449
1 456
2 0
2 7
2 8
2 17
2 18
2 19
2 105
2 107
2 109
2 111
2 112
2 114
2 116
2 166
2 168
2 170
2 171
2 174
2 175
2 176
2 178
2 338
2 343
2 346
2 356
2 360
2 362
2 363
2 367
2 368
2 381
2 382
2 383
2 384
2 387
2 388
2 390
2 391
2 445
2 450
2 455
2 457
3 0
3 6
3 9
3 16
3 20
3 104
3 108
3 113
3 116
3 165
3 166
3 172
3 173
3 177
3 179
3 337
3 339
3 340
3 344
3 347
3 355
3 361
3 369
3 380
3 389
3 392
3 393
3 446
3 451
3 455
3 458
4 0
4 5
4 10
4 11
4 12
4 13
4 16
4 21
4 102
4 104
4 115
4 166
4 173
4 180
4 187
4 335
4 336
4 340
4 341
4 342
4 343
4 346
4 355
4 368
4 376
4 378
4 379
4 389
4 394
4 396
4 397
4 398
4 447
4 452
4 453
4 455
4 459
4 464
5 0
5 2
5 3
5 4
5 14
5 15
5 21
5 101
5 103
5 115
5 123
5 124
5 167
5 179
5 187
5 290
5 291
5 292
5 293
5 328
5 329
5 334
5 341
5 347
5 348
5 355
5 367
5 375
5 377
5 389
5 395
5 399
5 447
5 454
5 458
5 461
5 463
5 465
6 0
6 1
6 21
6 101
6 116
6 122
6 125
6 168
6 180
6 184
6 185
6 186
6 188
6 286
6 288
6 289
6 294
6 327
6 330
6 333
6 349
6 355
6 367
6 374
6 390
6 400
6 448
6 449
6 459
6 460
6 462
6 465
7 0
7 22
7 98
7 102
7 117
7 122
7 126
7 169
7 180
7 183
7 184
7 189
7 285
7 287
7 295
7 298
7 327
7 330
7 332
7 349
7 353
7 354
7 368
7 373
7 389
7 400
7 449
7 465
8 0
8 21
8 98
8 102
8 117
8 118
8 119
8 121
8 127
8 169
8 181
8 182
8 190
8 191
8 285
8 295
8 297
8 299
8 304
8 307
8 310
8 311
8 313
8 318
8 319
8 327
8 331
8 350
8 351
8 352
8 369
8 370
8 373
8 400
8 450
8 466
9 0
9 22
9 99
9 100
9 101
9 116
9 120
9 126
9 170
9 180
9 189
9 192
9 284
9 296
9 299
9 301
9 302
9 303
9 305
9 306
9 308
9 309
9 312
9 314
9 317
9 320
9 323
9 324
9 326
9 371
9 372
9 399
9 451
9 452
9 467
10 0
10 21
10 96
10 97
10 98
10 102
10 115
10 120
10 126
10 171
10 179
10 188
10 193
10 283
10 300
10 305
10 315
10 317
10 321
10 322
10 325
10 400
10 408
10 449
10 450
10 466
11 0
11 21
11 95
11 114
11 120
11 125
11 172
11 187
11 194
11 198
11 199
11 200
11 282
11 304
11 314
11 316
11 401
11 404
11 407
11 448
11 465
12 0
12 20
12 94
12 113
12 120
12 124
12 172
12 188
12 195
12 196
12 197
12 201
12 282
12 302
12 303
12 313
12 402
12 403
12 405
12 406
12 445
12 448
12 464
13 0
13 21
13 30
13 94
13 113
13 119
13 123
13 172
13 188
13 194
13 196
13 202
13 203
13 204
13 281
13 303
13 405
13 444
13 446
13 447
13 464
14 0
14 21
14 27
14 29
14 31
14 81
14 93
14 112
14 118
14 123
14 171
14 189
14 202
14 279
14 280
14 303
14 406
14 442
14 443
14 462
14 463
15 0
15 21
15 26
15 28
15 32
15 33
15 35
15 36
15 37
15 82
15 91
15 92
15 112
15 117
15 122
15 158
15 159
15 172
15 190
15 203
15 278
15 304
15 403
15 405
15 442
15 461
16 0
16 22
16 26
16 34
16 38
16 40
16 41
16 42
16 83
16 91
16 112
16 116
16 121
16 157
16 160
16 169
16 172
16 189
16 203
16 278
16 303
16 395
16 402
16 404
16 441
16 459
16 460
17 0
17 22
17 26
17 38
17 39
17 43
17 44
17 84
17 85
17 91
17 112
17 121
17 142
17 144
17 156
17 161
17 162
17 163
17 168
17 170
17 171
17 189
17 202
17 204
17 279
17 304
17 394
17 396
17 401
17 424
17 441
17 458
18 0
18 23
18 26
18 37
18 45
18 46
18 86
18 91
18 121
18 141
18 143
18 145
18 149
18 153
18 154
18 155
18 164
18 167
18 190
18 201
18 202
18 260
18 261
18 280
18 393
18 397
18 400
18 424
18 426
18 432
18 437
18 438
18 440
18 457
18 773
19 0
19 24
19 25
19 38
19 47
19 86
19 88
19 90
19 121
19 141
19 146
19 148
19 150
19 151
19 152
19 165
19 166
19 191
19 202
19 203
19 214
19 259
19 262
19 279
19 393
19 398
19 399
19 425
19 427
19 431
19 433
19 435
19 436
19 439
19 440
19 443
19 458
19 772
19 774
20 0
20 35
20 36
20 37
20 48
20 87
20 89
20 121
20 142
20 147
20 150
20 153
20 192
20 203
20 215
20 258
20 262
20 280
20 392
20 425
20 428
20 430
20 434
20 441
20 442
20 457
20 771
20 775
21 0
21 34
21 49
21 86
21 122
21 143
21 154
21 155
21 192
21 202
21 203
21 214
21 246
21 247
21 259
21 263
21 265
21 280
21 391
21 426
21 429
21 430
21 443
21 448
21 458
21 770
21 776
22 0
22 33
22 50
22 85
22 121
22 142
22 156
22 192
22 204
22 205
22 207
22 215
22 221
22 223
22 224
22 245
22 248
22 251
22 252
22 253
22 256
22 258
22 264
22 266
22 267
22 281
22 391
22 426
22 431
22 444
22 446
22 447
22 459
22 461
22 482
22 483
22 539
22 540
22 771
22 776
23 0
23 32
23 50
23 85
23 122
23 124
23 125
23 126
23 141
23 156
23 191
23 206
23 208
23 214
23 220
23 222
23 225
23 244
23 249
23 250
23 254
23 255
23 257
23 268
23 269
23 271
23 272
23 277
23 278
23 279
23 280
23 390
23 392
23 426
23 431
23 445
23 448
23 460
23 462
23 481
23 484
23 485
23 486
23 487
23 488
23 489
23 492
23 535
23 537
23 538
23 764
23 770
23 776
24 0
24 33
24 50
24 57
24 86
24 123
24 127
24 129
24 130
24 140
24 190
24 209
24 213
24 214
24 219
24 224
24 244
24 270
24 273
24 276
24 392
24 422
24 426
24 431
24 448
24 462
24 473
24 480
24 490
24 491
24 493
24 534
24 536
24 765
24 768
24 770
24 776
25 0
25 33
25 50
25 56
25 58
25 73
25 74
25 87
25 128
25 131
25 132
25 133
25 140
25 190
25 210
25 212
25 215
25 218
25 223
25 243
25 274
25 275
25 393
25 394
25 421
25 423
25 424
25 425
25 430
25 447
25 448
25 463
25 472
25 474
25 477
25 480
25 492
25 530
25 534
25 766
25 767
25 769
25 777
26 0
26 34
26 50
26 55
26 59
26 72
26 75
26 87
26 132
26 139
26 191
26 211
26 216
26 217
26 222
26 244
26 245
26 395
26 420
26 426
26 429
26 431
26 447
26 464
26 467
26 468
26 471
26 475
26 476
26 478
26 480
26 491
26 494
26 531
26 533
26 765
26 770
26 778
26 779
27 0
27 35
27 36
27 51
27 56
27 60
27 70
27 71
27 76
27 87
27 133
27 140
27 141
27 190
27 222
27 246
27 395
27 406
27 419
27 430
27 448
27 465
27 466
27 469
27 470
27 479
27 492
27 493
27 495
27 532
27 761
27 762
27 765
27 780
28 0
28 37
28 51
28 57
28 61
28 68
28 69
28 77
28 83
28 86
28 134
28 142
28 191
28 193
28 194
28 195
28 223
28 235
28 236
28 245
28 396
28 402
28 405
28 419
28 430
28 447
28 496
28 513
28 533
28 763
28 766
28 775
28 776
28 780
29 0
29 38
29 39
29 51
29 53
29 57
29 62
29 65
29 66
29 67
29 77
29 79
29 81
29 82
29 84
29 85
29 135
29 136
29 141
29 192
29 196
29 222
29 234
29 237
29 238
29 239
29 240
29 241
29 242
29 246
29 397
29 399
29 401
29 403
29 404
29 414
29 420
29 431
29 432
29 446
29 497
29 514
29 516
29 528
29 534
29 764
29 766
29 774
29 777
29 779
30 0
30 40
30 52
30 54
30 56
30 63
30 64
30 78
30 80
30 137
30 138
30 139
30 140
30 195
30 223
30 225
30 235
30 243
30 244
30 245
30 398
30 400
30 405
30 408
30 413
30 415
30 417
30 419
30 433
30 447
30 497
30 515
30 518
30 519
30 522
30 525
30 526
30 527
30 533
30 765
30 766
30 767
30 770
30 771
30 772
30 773
30 778
31 0
31 41
31 55
31 194
31 224
31 226
31 232
31 234
31 246
31 397
31 406
31 407
31 412
31 416
31 418
31 432
31 448
31 498
31 516
31 517
31 520
31 521
31 523
31 524
31 525
31 527
31 528
31 532
31 763
31 764
31 765
31 769
32 0
32 42
32 195
32 227
32 231
32 233
32 397
32 408
32 411
32 417
32 430
32 431
32 448
32 449
32 497
32 514
32 516
32 523
32 525
32 526
32 527
32 528
32 529
32 530
32 531
32 762
32 770
33 0
33 43
33 195
33 228
33 229
33 230
33 398
33 407
33 408
33 411
33 417
33 450
33 498
33 515
33 524
33 525
33 526
33 528
33 761
33 763
33 771
34 0
34 42
34 47
34 195
34 399
34 400
34 406
34 409
34 410
34 416
34 450
34 498
34 514
34 526
34 527
34 743
34 761
34 771
34 778
35 0
35 42
35 46
35 48
35 49
35 193
35 194
35 405
35 416
35 449
35 497
35 512
35 513
35 514
35 527
35 528
35 744
35 754
35 760
35 770
35 777
35 779
36 0
36 43
36 45
36 50
36 191
36 192
36 405
36 447
36 448
36 469
36 498
36 514
36 526
36 527
36 529
36 530
36 532
36 745
36 747
36 748
36 753
36 755
36 756
36 760
36 770
36 776
36 779
37 0
37 44
37 50
37 190
37 405
37 446
37 448
37 469
37 497
37 512
37 513
37 525
37 529
37 531
37 533
37 534
37 535
37 545
37 708
37 709
37 723
37 724
37 746
37 749
37 751
37 752
37 757
37 758
37 759
37 769
37 775
37 779
38 0
38 50
38 191
38 406
38 445
38 449
38 450
38 454
38 467
38 470
38 496
38 514
38 525
38 530
38 531
38 535
38 537
38 538
38 544
38 707
38 710
38 718
38 719
38 721
38 722
38 725
38 746
38 750
38 758
38 770
38 775
38 780
39 0
39 50
39 190
39 407
39 408
39 444
39 451
39 452
39 453
39 454
39 455
39 468
39 469
39 495
39 513
39 526
39 527
39 536
39 539
39 541
39 543
39 705
39 706
39 710
39 717
39 720
39 726
39 728
39 731
39 746
39 771
39 773
39 774
39 781
40 0
40 49
40 189
40 406
40 407
40 444
40 456
40 467
40 494
40 512
40 525
40 526
40 527
40 535
40 540
40 542
40 703
40 704
40 710
40 715
40 716
40 727
40 729
40 730
40 745
40 772
40 782
41 0
41 49
41 189
41 406
41 445
41 455
41 457
41 458
41 466
41 495
41 511
41 527
41 535
41 702
41 711
41 714
41 731
41 732
41 733
41 746
41 782
42 0
42 50
42 189
42 405
42 444
42 459
42 465
42 467
42 469
42 470
42 496
42 511
42 527
42 536
42 701
42 712
42 713
42 715
42 734
42 746
42 782
43 0
43 50
43 52
43 188
43 405
43 444
43 460
43 465
43 468
43 470
43 497
43 498
43 510
43 537
43 701
43 713
43 716
43 733
43 746
43 782
44 0
44 51
44 53
44 189
44 190
44 399
44 404
44 444
44 459
44 465
44 499
44 511
44 537
44 538
44 702
44 716
44 732
44 746
44 781
45 0
45 54
45 55
45 56
45 57
45 190
45 191
45 397
45 398
45 400
45 401
45 402
45 403
45 443
45 459
45 464
45 499
45 510
45 536
45 539
45 682
45 683
45 686
45 687
45 688
45 689
45 702
45 715
45 733
45 738
45 744
45 745
45 782
46 0
46 58
46 189
46 191
46 396
46 459
46 464
46 498
46 508
46 509
46 535
46 538
46 681
46 684
46 685
46 690
46 701
46 716
46 734
46 736
46 737
46 739
46 741
46 742
46 743
46 783
46 785
47 0
47 57
47 188
47 191
47 395
47 460
47 463
47 495
47 496
47 497
47 508
47 533
47 534
47 538
47 680
47 691
47 695
47 701
47 717
47 719
47 735
47 740
47 784
47 786
48 0
48 56
48 188
48 192
48 394
48 456
48 460
48 462
48 494
48 507
48 532
48 538
48 679
48 691
48 694
48 696
48 701
48 718
48 720
48 787
49 0
49 56
49 191
49 393
49 457
49 461
49 495
49 507
49 531
49 536
49 537
49 677
49 678
49 692
49 694
49 697
49 699
49 700
49 721
49 788
50 0
50 57
50 190
50 382
50 392
50 458
50 460
50 495
50 508
50 531
50 535
50 676
50 693
50 698
50 721
50 788
51 0
51 57
51 191
51 381
51 383
51 392
51 458
51 459
51 496
51 501
51 505
51 507
51 530
51 535
51 675
51 720
51 789
52 0
52 56
52 192
52 374
52 375
52 381
52 384
52 392
52 457
52 497
52 500
52 502
52 504
52 506
52 529
52 535
52 676
52 677
52 721
52 790
52 801
52 802
52 803
53 0
53 55
53 190
53 191
53 347
53 373
53 374
53 376
53 379
53 380
53 384
53 387
53 392
53 457
53 498
53 499
53 503
53 529
53 536
53 678
53 720
53 791
53 800
53 804
54 0
54 55
54 191
54 346
54 349
54 350
54 374
54 375
54 377
54 378
54 384
54 386
54 388
54 389
54 391
54 458
54 471
54 498
54 503
54 530
54 537
54 679
54 719
54 792
54 793
54 801
55 0
55 55
55 190
55 345
55 346
55 347
55 348
55 351
55 352
55 355
55 365
55 370
55 373
55 374
55 375
55 378
55 379
55 385
55 390
55 459
55 470
55 472
55 499
55 503
55 526
55 527
55 528
55 529
55 536
55 679
55 720
55 794
55 800
56 0
56 54
56 190
56 343
56 345
56 347
56 353
56 354
56 356
56 364
56 365
56 369
56 370
56 371
56 374
56 379
56 380
56 460
56 461
56 464
56 469
56 472
56 498
56 504
56 525
56 535
56 679
56 793
56 795
56 796
56 797
56 798
56 799
57 0
57 53
57 60
57 61
57 71
57 73
57 74
57 191
57 344
57 346
57 353
57 354
57 356
57 363
57 364
57 366
57 367
57 368
57 371
57 372
57 373
57 375
57 378
57 462
57 463
57 469
57 472
57 499
57 504
57 525
57 534
57 680
57 792
58 0
58 53
58 55
58 56
58 58
58 59
58 62
58 70
58 72
58 75
58 76
58 77
58 190
58 343
58 354
58 355
58 356
58 357
58 358
58 362
58 365
58 371
58 372
58 373
58 463
58 465
58 466
58 468
58 472
58 499
58 504
58 525
58 535
58 653
58 655
58 681
58 682
58 793
59 0
59 54
59 57
59 62
59 69
59 78
59 189
59 344
59 353
59 354
59 355
59 357
59 358
59 359
59 362
59 374
59 379
59 460
59 462
59 464
59 467
59 473
59 503
59 524
59 536
59 648
59 652
59 654
59 656
59 659
59 683
59 793
60 0
60 63
60 70
60 77
60 188
60 342
60 343
60 344
60 352
60 353
60 354
60 356
60 357
60 358
60 359
60 361
60 375
60 377
60 378
60 380
60 381
60 461
60 474
60 503
60 508
60 509
60 525
60 537
60 538
60 648
60 651
60 657
60 658
60 660
60 661
60 683
60 792
61 0
61 62
61 68
61 69
61 76
61 188
61 342
61 343
61 344
61 352
61 354
61 355
61 357
61 360
61 361
61 376
61 382
61 383
61 384
61 462
61 474
61 504
61 505
61 506
61 507
61 510
61 525
61 536
61 537
61 649
61 650
61 660
61 668
61 669
61 670
61 671
61 676
61 684
61 791
62 0
62 63
62 67
62 75
62 188
62 340
62 341
62 342
62 343
62 347
62 352
62 356
62 357
62 360
62 361
62 375
62 385
62 386
62 461
62 473
62 511
62 525
62 536
62 651
62 661
62 662
62 664
62 667
62 672
62 677
62 683
62 792
63 0
63 62
63 67
63 74
63 187
63 341
63 343
63 346
63 347
63 351
63 357
63 360
63 387
63 474
63 510
63 524
63 535
63 650
63 663
63 665
63 666
63 673
63 678
63 682
63 791
64 0
64 63
64 68
64 70
64 75
64 188
64 343
64 347
64 350
64 388
64 389
64 474
64 509
64 524
64 649
64 662
64 673
64 678
64 681
64 791
65 0
65 63
65 69
65 71
65 76
65 189
65 347
65 348
65 349
65 390
65 474
65 510
65 524
65 649
65 663
65 674
65 676
65 678
65 679
65 680
65 792
65 793
66 0
66 64
66 71
66 76
66 349
66 391
66 475
66 510
66 524
66 529
66 648
66 662
66 675
66 677
66 794
67 0
67 65
67 70
67 76
67 349
67 392
67 474
67 524
67 526
67 529
67 553
67 556
67 649
67 661
67 793
68 0
68 66
68 69
68 75
68 348
68 473
68 525
68 527
68 528
68 552
68 554
68 555
68 557
68 648
68 649
68 661
68 793
69 0
69 66
69 68
69 76
69 77
69 474
69 528
69 547
69 551
69 557
69 647
69 650
69 651
69 661
69 792
70 0
70 67
70 78
70 475
70 529
70 546
70 548
70 549
70 551
70 558
70 652
70 660
70 775
70 790
70 793
71 0
71 78
71 528
71 530
71 545
71 550
71 559
71 652
71 660
71 774
71 776
71 779
71 780
71 781
71 782
71 783
71 784
71 789
71 791
71 792
71 794
72 0
72 79
72 530
72 546
72 560
72 649
72 650
72 651
72 660
72 777
72 778
72 785
72 786
72 788
72 795
73 0
73 80
73 81
73 529
73 545
73 561
73 648
73 661
73 776
73 787
73 795
74 0
74 82
74 83
74 528
74 544
74 562
74 563
74 647
74 662
74 777
74 795
75 0
75 84
75 528
75 537
75 544
75 564
75 647
75 662
75 778
75 794
76 0
76 85
76 87
76 88
76 527
76 535
76 536
76 538
76 544
76 564
76 646
76 663
76 778
76 780
76 794
77 0
77 86
77 528
77 531
77 533
77 534
77 539
77 540
77 541
77 544
77 563
77 647
77 663
77 779
77 781
77 782
77 793
78 0
78 529
78 530
78 532
78 542
78 543
78 564
78 646
78 661
78 662
78 783
78 792
79 0
79 532
79 543
79 564
79 645
79 660
79 782
79 793
80 0
80 544
80 563
80 645
80 661
80 781
80 792
81 0
81 544
81 564
81 644
81 662
81 663
81 780
81 793
82 0
82 544
82 565
82 645
82 664
82 665
82 780
82 792
83 0
83 545
83 563
83 564
83 646
83 666
83 667
83 668
83 779
83 793
84 0
84 544
84 546
84 562
84 646
84 669
84 679
84 779
84 794
85 0
85 547
85 548
85 563
85 647
85 648
85 649
85 650
85 661
85 669
85 678
85 680
85 776
85 778
85 793
86 0
86 549
86 562
86 647
86 651
86 660
86 662
86 670
86 671
86 677
86 680
86 775
86 777
86 794
87 0
87 550
87 562
87 652
87 658
87 659
87 663
87 664
87 672
87 677
87 681
87 774
87 795
87 796
88 0
88 550
88 561
88 567
88 569
88 576
88 577
88 578
88 652
88 657
88 665
88 673
88 675
88 676
88 682
88 775
89 0
89 541
89 549
89 551
89 561
89 566
89 568
89 570
89 573
89 574
89 575
89 579
89 651
89 656
89 666
89 674
89 683
89 684
89 772
89 774
90 0
90 539
90 540
90 542
90 549
90 562
90 565
90 570
90 572
90 580
90 652
90 656
90 666
90 685
90 771
90 773
91 0
91 538
91 542
91 548
91 563
91 564
91 566
91 571
91 581
91 582
91 653
91 655
91 666
91 686
91 688
91 770
92 0
92 537
92 542
92 548
92 566
92 583
92 653
92 655
92 666
92 687
92 768
92 769
93 0
93 538
93 543
93 548
93 549
93 566
93 584
93 654
93 665
93 688
93 766
93 767
94 0
94 538
94 539
94 544
94 547
94 583
94 664
94 689
94 765
95 0
95 539
95 545
95 546
95 582
95 587
95 588
95 664
95 688
95 765
96 0
96 540
96 581
96 586
96 589
96 665
96 666
96 688
96 764
97 0
97 541
97 580
97 585
97 590
97 667
97 689
97 764
98 0
98 540
98 581
98 582
98 584
98 590
98 668
98 763
99 0
99 539
99 583
99 642
99 645
99 646
99 666
99 667
99 763
100 0
100 539
100 583
100 642
100 647
100 648
100 665
100 763
101 0
101 539
101 582
101 593
101 643
101 645
101 647
101 665
101 764
102 0
102 538
102 583
102 592
102 603
102 644
102 646
102 648
102 649
102 662
102 664
102 763
103 0
103 535
103 537
103 584
103 589
103 592
103 600
103 603
103 643
103 647
103 650
103 651
103 652
103 653
103 661
103 663
103 763
104 0
104 536
104 583
104 589
104 591
104 593
104 599
104 603
104 643
104 654
104 656
104 657
104 660
104 762
105 0
105 536
105 539
105 584
105 589
105 590
105 594
105 600
105 602
105 639
105 644
105 655
105 658
105 660
105 762
105 770
105 771
106 0
106 536
106 538
106 540
106 585
106 588
106 595
106 596
106 599
106 601
106 639
106 644
106 659
106 660
106 668
106 669
106 670
106 671
106 672
106 763
106 767
106 768
106 769
106 772
107 0
107 537
107 541
107 585
107 587
107 597
107 598
107 600
107 602
107 632
107 633
107 634
107 635
107 636
107 638
107 643
107 661
107 667
107 673
107 764
107 766
107 773
108 0
108 541
108 546
108 586
108 603
108 610
108 631
108 637
108 642
108 662
108 666
108 673
108 764
108 766
108 767
108 772
109 0
109 542
109 545
109 547
109 604
109 608
109 609
109 611
109 632
109 637
109 642
109 643
109 645
109 663
109 666
109 672
109 765
109 766
109 771
110 0
110 542
110 543
110 544
110 548
110 551
110 604
110 608
110 611
110 616
110 617
110 630
110 631
110 637
110 642
110 644
110 646
110 662
110 666
110 673
110 770
111 0
111 549
111 550
111 552
111 603
111 607
111 612
111 614
111 615
111 618
111 630
111 638
111 642
111 663
111 665
111 674
111 769
112 0
112 548
112 553
112 554
112 555
112 604
112 606
112 613
112 619
112 630
112 637
112 639
112 641
112 664
112 675
112 676
112 677
112 770
113 0
113 548
113 605
113 612
113 619
113 629
113 640
113 678
113 769
114 0
114 549
114 612
114 620
114 622
114 623
114 624
114 625
114 627
114 628
114 678
114 768
115 0
115 549
115 611
115 613
115 614
115 615
115 621
115 626
115 677
115 769
115 770
116 0
116 549
116 610
116 677
116 771
117 0
117 550
117 609
117 676
117 678
117 772
117 773
118 0
118 551
118 608
118 676
118 771
119 0
119 550
119 609
119 675
119 771
120 0
120 551
120 610
120 674
120 771
121 0
121 550
121 609
121 612
121 613
121 675
121 772
122 0
122 549
122 610
122 611
122 614
122 674
122 679
122 680
122 681
122 773
123 0
123 548
123 615
123 616
123 617
123 675
123 678
123 682
123 683
123 684
123 774
124 0
124 547
124 618
124 676
124 677
124 685
124 775
125 0
125 546
125 619
125 620
125 675
125 686
125 705
125 776
126 0
126 545
126 618
126 621
126 622
126 687
126 704
126 706
126 707
126 708
126 777
126 784
126 785
126 786
127 0
127 544
127 623
127 688
127 703
127 709
127 776
127 783
127 787
128 0
128 543
128 621
128 622
128 689
128 703
128 710
128 713
128 714
128 715
128 716
128 777
128 781
128 784
128 788
128 790
128 792
129 0
129 543
129 620
129 690
129 691
129 692
129 693
129 702
129 711
129 712
129 776
129 780
129 782
129 783
129 789
129 791
129 793
130 0
130 542
130 621
130 622
130 624
130 637
130 694
130 703
130 777
130 778
130 779
130 794
131 0
131 543
131 623
131 625
131 626
131 629
131 636
131 638
131 695
131 702
131 794
132 0
132 544
132 624
132 627
132 628
132 630
132 634
132 635
132 639
132 642
132 695
132 700
132 703
132 794
133 0
133 544
133 631
133 633
133 638
133 642
133 644
133 694
133 699
133 701
133 702
133 795
134 0
134 543
134 546
134 632
134 639
134 640
134 641
134 643
134 695
134 699
134 794
135 0
135 543
135 544
135 545
135 632
135 696
135 700
135 793
136 0
136 544
136 697
136 701
136 792
137 0
137 544
137 698
137 700
137 792
138 0
138 543
138 699
138 793
139 0
139 430
139 431
139 432
139 544
139 697
139 699
139 794
140 0
140 428
140 429
140 433
140 434
140 545
140 696
140 698
140 795
141 0
141 426
141 427
141 435
141 436
141 438
141 544
141 696
141 794
142 0
142 425
142 437
142 439
142 441
142 543
142 545
142 695
142 794
143 0
143 424
143 440
143 442
143 542
143 546
143 694
143 793
144 0
144 425
144 443
144 531
144 532
144 535
144 541
144 545
144 695
144 794
145 0
145 424
145 444
145 445
145 530
145 533
145 534
145 536
145 538
145 539
145 540
145 541
145 691
145 692
145 693
145 694
145 794
146 0
146 417
146 418
146 419
146 420
146 421
146 423
146 446
146 527
146 528
146 529
146 537
146 689
146 690
146 795
147 0
147 422
147 447
147 526
147 537
147 539
147 690
147 796
147 798
148 0
148 446
148 525
148 538
148 540
148 690
148 797
148 799
149 0
149 446
149 526
149 541
149 688
149 689
149 691
149 799
150 0
150 447
150 448
150 525
150 542
150 687
150 692
150 693
150 799
151 0
151 449
151 524
151 542
151 687
151 694
151 785
151 786
151 787
151 789
151 798
152 0
152 448
152 525
152 540
152 541
152 688
152 695
152 784
152 788
152 790
152 797
153 0
153 445
153 447
153 524
153 535
153 536
153 537
153 539
153 688
153 695
153 784
153 790
153 793
153 794
153 796
154 0
154 446
154 525
154 532
154 534
154 538
154 688
154 694
154 784
154 790
154 792
154 795
155 0
155 446
155 524
155 531
155 533
155 689
155 693
155 785
155 791
156 0
156 445
156 523
156 530
156 689
156 694
156 696
156 697
156 785
157 0
157 445
157 520
157 524
157 529
157 688
157 695
157 698
157 784
158 0
158 444
158 519
158 521
158 523
158 528
158 689
158 691
158 699
158 783
159 0
159 445
159 516
159 517
159 518
159 522
159 529
159 690
159 692
159 700
159 784
159 785
160 0
160 446
160 515
160 529
160 693
160 701
160 786
161 0
161 445
161 514
161 530
161 531
161 694
161 702
161 716
161 785
162 0
162 446
162 510
162 511
162 513
162 532
162 534
162 690
162 691
162 692
162 693
162 702
162 715
162 717
162 786
163 0
163 446
163 509
163 512
163 533
163 535
163 537
163 689
163 703
163 709
163 710
163 714
163 718
163 785
164 0
164 445
164 508
164 536
164 538
164 688
164 704
164 705
164 708
164 711
164 714
164 719
164 784
165 0
165 446
165 507
165 538
165 539
165 540
165 541
165 688
165 706
165 707
165 712
165 713
165 781
165 782
165 783
166 0
166 447
166 448
166 507
166 542
166 688
166 780
167 0
167 449
167 507
167 543
167 687
167 781
168 0
168 449
168 506
168 544
168 687
168 782
168 783
169 0
169 448
169 450
169 506
169 545
169 681
169 687
169 784
169 790
169 791
170 0
170 451
170 505
170 544
170 680
170 682
170 684
170 688
170 783
170 789
170 792
170 799
170 806
171 0
171 451
171 470
171 471
171 472
171 504
171 543
171 675
171 677
171 678
171 679
171 683
171 685
171 686
171 688
171 783
171 789
171 791
171 798
171 800
171 807
172 0
172 451
172 469
172 473
172 478
172 479
172 504
172 542
172 672
172 673
172 674
172 676
172 687
172 784
172 787
172 788
172 791
172 797
172 801
172 802
172 803
172 806
173 0
173 450
173 462
173 463
173 464
173 468
173 474
173 475
173 476
173 477
173 480
173 504
173 541
173 671
173 785
173 786
173 792
173 797
173 804
173 806
173 807
173 809
173 810
174 0
174 451
174 461
174 465
174 468
174 480
174 503
174 541
174 793
174 796
174 805
174 808
174 811
175 0
175 452
175 453
175 462
175 466
175 467
175 481
175 499
175 500
175 502
175 541
175 794
175 795
175 811
176 0
176 454
176 462
176 482
176 498
176 501
176 541
176 543
176 546
176 810
177 0
177 455
177 456
177 461
177 483
177 498
177 542
177 544
177 545
177 547
177 548
177 550
177 551
177 552
177 811
177 816
178 0
178 457
178 459
178 461
178 483
178 499
178 549
178 553
178 812
178 815
178 817
178 818
179 0
179 455
179 456
179 458
179 460
179 462
179 484
179 500
179 553
179 813
179 814
179 816
179 819
180 0
180 452
180 454
180 462
180 483
180 501
180 552
180 810
180 818
181 0
181 451
181 453
181 478
181 484
181 500
181 551
181 809
181 811
181 817
182 0
182 449
182 450
182 477
182 479
182 482
182 483
182 500
182 551
182 809
182 812
182 813
182 816
182 817
183 0
183 448
183 476
183 478
183 480
183 481
183 499
183 550
183 808
183 812
183 815
184 0
184 448
184 477
184 478
184 498
184 549
184 809
184 813
184 814
185 0
185 449
185 450
185 479
185 497
185 548
185 810
186 0
186 451
186 480
186 496
186 548
186 810
187 0
187 452
187 481
187 493
187 495
187 549
187 810
188 0
188 453
188 481
188 492
188 494
188 550
188 555
188 556
188 809
189 0
189 481
189 491
189 550
189 554
189 557
189 808
190 0
190 482
190 490
190 551
190 553
190 556
190 808
191 0
191 483
191 491
191 552
191 556
191 807
192 0
192 484
192 490
192 554
192 555
192 808
193 0
193 485
193 489
193 553
193 809
194 0
194 486
194 488
194 552
194 808
195 0
195 487
195 552
195 809
196 0
196 486
196 553
196 808
197 0
197 554
197 809
197 810
198 0
198 555
198 556
198 557
198 559
198 560
198 811
199 0
199 558
199 561
199 811
200 0
200 560
200 812
201 0
201 559
201 813
202 0
202 559
202 812
203 0
203 560
203 811
204 0
204 560
204 812
205 0
205 556
205 559
205 813
206 0
206 555
206 557
206 558
206 812
207 0
207 556
207 813
208 0
208 814
209 0
209 815
210 0
210 815
211 0
211 815
212 0
212 816
213 0
213 816
214 0
214 815
215 0
215 816
216 0
216 817
217 0
217 818
218 0
218 819
219 0
219 820
219 821
220 0
220 820
221 0
221 819
222 0
222 818
223 0
223 819
224 0
224 819
225 0
225 820
225 822
226 0
226 821
226 823
227 0
227 824
228 0
228 824
229 0
229 825
229 826
229 827
230 0
230 828
231 0
231 828
232 0
232 829
233 0
233 830
234 0
234 829
235 0
235 830
236 0
236 828
236 829
237 0
237 827
238 0
238 826
239 0
239 825
240 0
240 823
240 824
241 0
241 822
242 0
242 823
243 0
243 822
243 827
243 828
244 0
244 823
244 826
244 829
245 0
245 824
245 825
245 830
246 0
246 830
247 0
247 829
248 0
248 829
248 885
248 886
249 0
249 829
249 884
249 887
250 0
250 828
250 884
250 888
251 0
251 829
251 883
251 889
251 890
251 891
252 0
252 829
252 884
252 892
253 0
253 828
253 857
253 859
253 883
253 893
253 895
253 908
254 0
254 827
254 834
254 835
254 836
254 837
254 839
254 856
254 858
254 882
254 894
254 896
254 898
254 907
254 909
255 0
255 828
255 833
255 838
255 840
255 855
255 858
255 883
255 897
255 899
255 900
255 902
255 906
255 910
255 912
256 0
256 828
256 830
256 832
256 841
256 855
256 859
256 880
256 881
256 882
256 901
256 903
256 905
256 911
256 913
257 0
257 829
257 831
257 842
257 845
257 854
257 858
257 879
257 904
257 914
257 954
258 0
258 843
258 844
258 846
258 852
258 853
258 858
258 880
258 903
258 913
258 953
258 955
259 0
259 847
259 848
259 849
259 851
259 858
259 865
259 880
259 904
259 905
259 906
259 913
259 952
259 956
260 0
260 846
260 850
260 858
260 864
260 881
260 907
260 914
260 934
260 935
260 951
260 957
261 0
261 859
261 863
261 865
261 868
261 873
261 882
261 906
261 914
261 930
261 931
261 933
261 936
261 951
261 958
261 959
261 964
261 965
261 966
261 976
262 0
262 860
262 862
262 866
262 867
262 869
262 870
262 872
262 874
262 877
262 883
262 905
262 915
262 916
262 918
262 929
262 932
262 937
262 952
262 953
262 960
262 963
262 967
262 975
262 977
263 0
263 861
263 866
263 871
263 874
263 876
263 878
263 884
263 904
263 917
263 919
263 920
263 926
263 927
263 928
263 937
263 954
263 961
263 962
263 965
263 966
263 969
263 974
263 977
264 0
264 862
264 875
264 878
264 883
264 904
264 906
264 921
264 925
264 936
264 953
264 964
264 968
264 970
264 971
264 972
264 973
264 977
265 0
265 879
265 884
265 905
265 921
265 924
265 936
265 947
265 950
265 951
265 952
265 965
265 967
265 977
266 0
266 880
266 884
266 904
266 920
266 922
266 924
266 935
266 948
266 949
266 966
266 978
267 0
267 881
267 882
267 883
267 902
267 903
267 923
267 936
267 938
267 939
267 947
267 977
268 0
268 901
268 937
268 940
268 941
268 943
268 944
268 945
268 946
268 978
269 0
269 902
269 937
269 942
269 979
269 980
270 0
270 902
270 981
271 0
271 901
271 980
272 0
272 902
272 903
272 981
273 0
273 904
273 980
274 0
274 903
274 980
275 0
275 902
275 981
276 0
276 903
276 982
277 0
277 903
277 982
278 0
278 902
278 983
279 0
279 903
279 905
279 983
280 0
280 904
280 982
280 984
281 0
281 894
281 895
281 905
281 981
282 0
282 893
282 896
282 904
282 980
283 0
283 890
283 891
283 892
283 897
283 904
283 979
284 0
284 889
284 898
284 905
284 978
285 0
285 890
285 897
285 905
285 977
286 0
286 890
286 897
286 905
286 977
287 0
287 890
287 898
287 904
287 976
288 0
288 891
288 898
288 903
288 977
289 0
289 890
289 899
289 902
289 977
290 0
290 890
290 899
290 901
290 978
290 980
290 982
291 0
291 900
291 979
291 981
291 983
292 0
292 895
292 897
292 900
292 984
293 0
293 894
293 896
293 898
293 899
293 985
294 0
294 894
294 984
295 0
295 893
295 983
296 0
296 892
296 893
296 983
297 0
297 894
297 983
298 0
298 893
298 895
298 982
299 0
299 825
299 826
299 827
299 828
299 892
299 982
300 0
300 825
300 826
300 827
300 829
300 893
300 898
300 981
301 0
301 825
301 827
301 830
301 843
301 892
301 897
301 899
301 979
301 980
302 0
302 831
302 841
302 843
302 892
302 896
302 900
302 901
302 978
303 0
303 832
303 841
303 843
303 881
303 882
303 893
303 895
303 902
303 903
303 977
304 0
304 832
304 841
304 842
304 848
304 880
304 883
304 893
304 894
304 904
304 978
305 0
305 832
305 838
305 841
305 843
305 849
305 881
305 884
305 894
305 905
305 978
306 0
306 831
306 833
306 837
306 838
306 839
306 840
306 841
306 842
306 844
306 849
306 882
306 885
306 890
306 892
306 893
306 903
306 904
306 979
307 0
307 834
307 837
307 842
307 843
307 848
307 850
307 881
307 885
307 890
307 891
307 902
307 976
307 978
308 0
308 834
308 835
308 836
308 843
308 844
308 846
308 847
308 849
308 851
308 886
308 889
308 975
308 977
309 0
309 842
309 845
309 846
309 847
309 848
309 849
309 852
309 885
309 887
309 888
309 974
310 0
310 843
310 847
310 848
310 851
310 852
310 853
310 885
310 973
311 0
311 843
311 849
311 853
311 886
311 974
312 0
312 842
312 853
312 885
312 973
313 0
313 841
313 852
313 853
313 875
313 884
313 973
314 0
314 842
314 852
314 874
314 876
314 879
314 880
314 883
314 972
315 0
315 842
315 852
315 873
315 877
315 878
315 881
315 882
315 884
315 970
315 971
316 0
316 842
316 852
316 873
316 885
316 969
317 0
317 841
317 851
317 872
317 886
317 970
317 972
317 973
318 0
318 840
318 873
318 971
318 974
319 0
319 841
319 872
319 975
320 0
320 841
320 873
320 976
321 0
321 840
321 842
321 874
321 875
321 977
321 981
321 983
322 0
322 843
322 876
322 978
322 979
322 980
322 982
323 0
323 842
323 874
323 875
323 979
323 983
324 0
324 843
324 873
324 980
324 984
325 0
325 844
325 874
325 980
325 985
326 0
326 844
326 875
326 979
326 986
327 0
327 843
327 874
327 986
328 0
328 844
328 846
328 848
328 849
328 875
328 986
329 0
329 845
329 847
329 850
329 851
329 852
329 864
329 874
329 987
330 0
330 853
330 854
330 863
330 865
330 867
330 873
330 988
331 0
331 855
331 856
331 857
331 858
331 862
331 866
331 868
331 871
331 872
331 988
332 0
332 859
332 860
332 861
332 865
332 869
332 870
332 984
332 989
333 0
333 866
333 985
333 990
334 0
334 867
334 985
334 986
334 988
334 990
335 0
335 867
335 985
335 987
335 989
336 0
336 868
336 981
336 984
336 990
337 0
337 869
337 981
337 983
337 985
337 991
338 0
338 870
338 980
338 982
338 984
338 992
339 0
339 871
339 979
339 980
339 981
339 983
339 985
339 986
339 987
339 992
340 0
340 871
340 978
340 980
340 981
340 985
340 988
340 991
341 0
341 872
341 980
341 981
341 982
341 985
341 986
341 990
342 0
342 872
342 976
342 979
342 983
342 984
342 988
342 989
343 0
343 873
343 977
343 978
343 980
343 989
344 0
344 870
344 871
344 872
344 976
344 980
344 989
345 0
345 869
345 975
345 988
346 0
346 870
346 985
346 987
347 0
347 868
347 869
347 986
347 988
348 0
348 986
349 0
349 985
350 0
350 985
351 0
351 986
352 0
352 987
352 988
352 989
353 0
353 990
353 992
353 993
354 0
354 991
355 0
355 991
356 0
356 992
357 0
357 991
357 993
358 0
358 991
358 994
359 0
359 991
360 0
360 990
361 0
361 988
361 989
362 0
362 987
363 0
363 986
364 0
364 986
365 0
365 986
366 0
366 987
367 0
367 988
368 0
368 989
368 990
369 0
369 986
369 988
370 0
370 985
370 987
371 0
371 985
372 0
372 985
373 0
373 984
374 0
374 983
374 992
374 993
374 995
375 0
375 983
375 991
375 994
375 996
376 0
376 983
376 990
376 997
377 0
377 984
377 985
377 986
377 991
377 998
378 0
378 987
378 988
378 990
378 998
379 0
379 989
379 998
380 0
380 997
381 0
381 996
382 0
382 995
382 998
383 0
383 996
383 997
383 999
384 0
384 1000
384 1001
385 0
385 1002
386 0
386 1002
387 0
387 1002
388 0
388 1001
389 0
389 999
389 1000
390 0
390 998
391 0
391 997
392 0
392 996
393 0
393 995
394 0
394 994
395 0
395 993
396 0
396 992
397 0
397 992
398 0
398 992
399 0
399 993
400 0
400 993
401 0
401 994
402 0
402 995
403 0
403 994
404 0
404 994
405 0
405 995
405 996
406 0
406 997
407 0
407 998
408 0
408 997
409 0
409 996
410 0
410 993
410 994
410 995
411 0
411 992
412 0
412 991
413 0
413 991
414 0
414 990
415 0
415 990
416 0
416 990
417 0
417 990
418 0
418 990
419 0
419 990
420 0
420 987
420 988
420 989
421 0
421 985
421 986
422 0
422 984
423 0
423 984
424 0
425 0
426 0
427 0
428 0
429 0
430 0
431 0
432 0
433 0
434 0
435 0
436 0
437 0
438 0
439 0
440 0
441 0
442 0
443 0
444 0
445 0
446 0
447 0
448 0
449 0
450 0
451 0
452 0
453 0
454 0
455 0
456 0
456 504
457 0
457 505
457 506
457 507
458 0
458 504
458 508
458 510
458 512
459 0
459 509
459 511
459 513
460 0
460 508
460 514
460 515
461 0
461 509
462 0
462 510
463 0
463 511
464 0
464 510
465 0
465 511
466 0
466 510
467 0
467 510
468 0
468 506
468 507
468 509
469 0
469 508
470 0
470 507
471 0
471 506
472 0
472 501
472 506
473 0
473 502
473 506
474 0
474 497
474 499
474 501
474 503
474 505
475 0
475 496
475 498
475 500
475 504
476 0
476 496
477 0
477 497
478 0
478 497
478 503
478 504
478 505
479 0
479 496
479 499
479 500
479 501
479 502
479 503
479 505
480 0
480 497
480 498
480 506
480 507
481 0
481 508
481 509
482 0
482 510
482 511
483 0
483 512
483 513
484 0
484 514
485 0
485 514
486 0
486 515
487 0
487 516
488 0
488 517
489 0
489 517
490 0
490 518
491 0
491 517
492 0
492 517
493 0
493 300
493 301
493 513
493 515
493 516
494 0
494 299
494 302
494 512
494 514
495 0
495 298
495 303
495 304
495 515
496 0
496 297
496 514
497 0
497 296
497 513
498 0
498 295
498 512
499 0
499 296
499 375
499 512
500 0
500 295
500 374
500 512
501 0
501 294
501 375
501 511
502 0
502 293
502 375
502 512
503 0
503 292
503 374
503 512
504 0
504 292
504 374
504 432
504 511
505 0
505 291
505 373
505 433
505 511
506 0
506 290
506 373
506 434
506 512
507 0
507 291
507 293
507 374
507 435
507 513
508 0
508 292
508 294
508 374
508 436
508 512
509 0
509 295
509 375
509 436
509 513
510 0
510 294
510 374
510 437
510 514
510 521
510 522
511 0
511 293
511 375
511 438
511 515
511 520
511 523
512 0
512 293
512 376
512 439
512 515
512 519
512 522
513 0
513 292
513 377
513 438
513 516
513 517
513 518
513 522
514 0
514 291
514 368
514 378
514 438
514 522
515 0
515 290
515 367
515 377
515 439
515 522
516 0
516 289
516 368
516 376
516 438
516 521
517 0
517 287
517 288
517 358
517 359
517 369
517 374
517 375
517 436
517 437
517 520
518 0
518 286
518 357
518 360
518 370
518 373
518 376
518 435
518 521
519 0
519 235
519 286
519 356
519 361
519 362
519 366
519 371
519 372
519 376
519 434
519 522
520 0
520 236
520 286
520 357
520 363
520 365
520 375
520 435
520 521
521 0
521 232
521 233
521 235
521 241
521 286
521 357
521 364
521 374
521 436
521 520
521 535
522 0
522 234
522 236
522 240
522 286
522 353
522 354
522 356
522 363
522 375
522 435
522 520
522 534
522 536
523 0
523 235
523 237
523 239
523 243
523 286
523 351
523 352
523 355
523 364
523 374
523 435
523 519
523 537
524 0
524 234
524 236
524 237
524 238
524 239
524 240
524 242
524 285
524 350
524 363
524 369
524 370
524 371
524 373
524 375
524 436
524 514
524 518
524 538
525 0
525 234
525 239
525 241
525 242
525 243
525 245
525 284
525 351
525 364
525 368
525 372
525 375
525 437
525 513
525 515
525 517
525 539
526 0
526 240
526 243
526 244
526 284
526 340
526 341
526 342
526 345
526 350
526 365
526 368
526 375
526 394
526 397
526 398
526 437
526 512
526 516
526 534
526 535
526 538
527 0
527 54
527 237
527 238
527 239
527 244
527 283
527 339
527 343
527 344
527 346
527 348
527 350
527 366
527 367
527 376
527 393
527 395
527 396
527 399
527 400
527 401
527 403
527 404
527 406
527 407
527 436
527 513
527 514
527 521
527 533
527 536
527 538
527 546
528 0
528 23
528 24
528 25
528 51
528 53
528 235
528 236
528 243
528 244
528 282
528 338
528 347
528 349
528 377
528 393
528 402
528 405
528 408
528 423
528 435
528 515
528 516
528 521
528 523
528 532
528 537
528 543
528 545
529 0
529 22
529 26
529 28
529 50
529 52
529 54
529 244
529 283
529 338
529 378
529 384
529 393
529 395
529 402
529 409
529 412
529 422
529 424
529 425
529 434
529 517
529 519
529 520
529 522
529 530
529 531
529 538
529 542
529 544
529 546
530 0
530 21
530 27
530 29
530 31
530 50
530 55
530 244
530 246
530 282
530 339
530 377
530 378
530 381
530 383
530 385
530 394
530 396
530 403
530 408
530 410
530 411
530 413
530 415
530 416
530 419
530 422
530 426
530 427
530 428
530 431
530 433
530 518
530 523
530 529
530 539
530 541
530 547
531 0
531 22
531 30
531 32
531 34
531 35
531 37
531 38
531 50
531 55
531 245
531 283
531 295
531 296
531 297
531 338
531 379
531 380
531 382
531 383
531 386
531 396
531 403
531 408
531 414
531 417
531 418
531 420
531 421
531 429
531 430
531 432
531 523
531 528
531 540
531 547
531 681
531 682
532 0
532 21
532 33
532 36
532 39
532 40
532 41
532 46
532 47
532 49
532 56
532 243
532 246
532 249
532 283
532 294
532 298
532 337
532 379
532 384
532 386
532 395
532 407
532 522
532 527
532 541
532 548
532 571
532 676
532 680
532 683
533 0
533 22
533 42
533 43
533 45
533 48
533 56
533 244
533 245
533 247
533 249
533 284
533 293
533 299
533 336
533 380
533 387
533 396
533 522
533 525
533 526
533 549
533 567
533 569
533 570
533 675
533 677
533 679
533 684
534 0
534 23
534 44
534 57
534 58
534 59
534 245
534 246
534 247
534 248
534 285
534 286
534 287
534 288
534 289
534 294
534 300
534 335
534 380
534 388
534 395
534 523
534 524
534 550
534 554
534 560
534 566
534 568
534 674
534 678
534 684
535 0
535 23
535 60
535 248
535 289
535 293
535 300
535 336
535 380
535 389
535 393
535 394
535 524
535 549
535 553
535 555
535 561
535 566
535 664
535 675
535 684
536 0
536 22
536 61
536 247
536 290
536 292
536 301
536 334
536 335
536 380
536 390
536 392
536 518
536 520
536 525
536 549
536 551
536 552
536 556
536 561
536 567
536 663
536 665
536 676
536 684
537 0
537 22
537 62
537 247
537 291
537 300
537 333
537 378
537 379
537 391
537 519
537 524
537 550
537 556
537 559
537 560
537 568
537 570
537 663
537 666
537 676
537 685
538 0
538 23
538 62
538 246
538 248
538 249
538 299
538 333
538 377
538 519
538 523
538 551
538 556
538 557
538 558
538 561
538 569
538 661
538 662
538 666
538 675
538 686
539 0
539 24
539 62
539 244
539 245
539 246
539 248
539 249
539 299
539 301
539 334
539 378
539 520
539 521
539 523
539 550
539 559
539 562
539 563
539 568
539 660
539 667
539 668
539 670
539 671
539 672
539 673
539 674
539 686
540 0
540 23
540 63
540 244
540 245
540 247
540 248
540 250
540 300
540 302
540 334
540 378
540 519
540 522
540 550
540 564
540 566
540 567
540 658
540 659
540 669
540 686
541 0
541 24
541 64
541 244
541 245
541 246
541 247
541 303
541 335
541 379
541 518
541 551
541 565
541 657
541 686
542 0
542 24
542 65
542 66
542 244
542 245
542 301
542 303
542 329
542 334
542 517
542 547
542 548
542 551
542 657
542 686
543 0
543 24
543 67
543 244
543 246
543 300
543 302
543 304
543 305
543 328
543 330
543 331
543 333
543 517
543 546
543 549
543 550
543 656
543 685
544 0
544 24
544 68
544 243
544 244
544 246
544 248
544 297
544 298
544 299
544 306
544 327
544 332
544 515
544 518
544 546
544 655
544 684
545 0
545 25
545 68
545 243
545 244
545 246
545 247
545 296
545 305
545 327
545 491
545 515
545 517
545 547
545 656
545 683
546 0
546 13
546 24
546 67
546 242
546 245
546 296
546 306
546 326
546 490
546 516
546 547
546 657
546 681
546 682
547 0
547 12
547 14
547 15
547 16
547 24
547 68
547 241
547 246
547 296
547 304
547 305
547 326
547 490
547 517
547 548
547 657
547 660
547 661
547 680
548 0
548 1
548 2
548 12
548 17
548 23
548 69
548 71
548 74
548 241
548 242
548 294
548 295
548 303
548 316
548 317
548 325
548 335
548 489
548 516
548 549
548 658
548 659
548 662
548 679
549 0
549 3
549 13
549 17
549 19
549 24
549 70
549 72
549 73
549 75
549 239
549 240
549 242
549 292
549 293
549 304
549 312
549 315
549 318
549 325
549 330
549 331
549 334
549 336
549 490
549 515
549 547
549 548
549 663
549 680
549 682
550 0
550 4
550 13
550 18
550 20
550 22
550 23
550 76
550 77
550 78
550 240
550 291
550 304
550 311
550 313
550 314
550 319
550 326
550 329
550 332
550 333
550 490
550 495
550 515
550 546
550 664
550 681
550 683
550 684
551 0
551 4
551 12
551 21
551 79
551 241
551 243
551 244
551 290
551 305
551 311
551 320
551 321
551 325
551 329
551 491
551 494
551 496
551 514
551 545
551 664
551 685
551 699
552 0
552 5
552 11
552 79
552 241
552 242
552 243
552 244
552 245
552 289
552 305
552 311
552 322
552 323
552 324
552 328
552 490
552 492
552 493
552 496
552 513
552 546
552 663
552 685
552 698
552 700
553 0
553 5
553 10
553 80
553 81
553 240
553 242
553 245
553 289
553 306
553 311
553 325
553 327
553 488
553 489
553 495
553 512
553 547
553 548
553 662
553 686
553 697
553 701
553 702
554 0
554 5
554 10
554 82
554 93
554 238
554 239
554 243
554 289
554 305
554 312
554 326
554 487
554 496
554 513
554 549
554 662
554 687
554 695
554 696
554 703
555 0
555 4
555 9
555 82
555 92
555 94
555 98
555 231
555 232
555 237
555 241
555 242
555 245
555 290
555 304
555 311
555 327
555 479
555 486
555 496
555 512
555 548
555 662
555 687
555 694
555 704
556 0
556 5
556 8
556 80
556 81
556 92
556 95
556 96
556 97
556 99
556 100
556 230
556 233
556 236
556 243
556 244
556 246
556 289
556 305
556 310
556 328
556 331
556 478
556 480
556 486
556 497
556 512
556 549
556 661
556 686
556 695
556 705
556 706
556 707
557 0
557 6
557 7
557 79
557 91
557 101
557 230
557 234
557 236
557 243
557 245
557 290
557 306
557 309
557 328
557 330
557 332
557 335
557 477
557 481
557 485
557 498
557 513
557 548
557 661
557 687
557 696
557 708
558 0
558 79
558 87
558 89
558 90
558 102
558 103
558 104
558 228
558 229
558 235
558 291
558 307
558 310
558 329
558 333
558 334
558 476
558 482
558 484
558 499
558 514
558 549
558 661
558 688
558 697
558 707
559 0
559 80
559 86
559 88
559 105
559 227
559 291
559 308
559 309
559 474
559 475
559 483
559 500
559 515
559 550
559 551
559 660
559 689
559 690
559 698
559 708
559 709
559 710
559 719
560 0
560 80
560 86
560 106
560 228
560 284
560 285
560 290
560 473
560 501
560 502
560 511
560 514
560 552
560 659
560 691
560 697
560 711
560 718
560 719
561 0
561 81
561 85
561 106
561 228
561 232
561 283
561 286
561 289
561 472
561 503
561 508
561 509
561 510
561 512
561 513
561 553
561 658
561 690
561 697
561 712
561 713
561 717
561 720
561 722
562 0
562 82
562 84
562 107
562 229
562 231
562 232
562 284
562 286
562 288
562 473
562 504
562 507
562 554
562 657
562 690
562 697
562 714
562 715
562 716
562 721
563 0
563 83
563 108
563 230
563 233
563 284
563 287
563 474
563 505
563 506
563 555
563 657
563 691
563 693
563 696
563 717
564 0
564 108
564 234
564 283
564 474
564 556
564 658
564 692
564 694
564 695
564 718
565 0
565 108
565 235
565 238
565 283
565 286
565 287
565 474
565 555
565 557
565 558
565 659
565 717
566 0
566 109
566 236
566 238
566 284
566 285
566 288
566 291
566 292
566 294
566 473
566 554
566 559
566 578
566 580
566 658
566 716
567 0
567 108
567 237
567 289
567 290
567 293
567 295
567 472
567 555
567 560
567 577
567 579
567 581
567 659
567 715
568 0
568 107
568 237
568 295
568 473
568 555
568 576
568 582
568 658
568 715
569 0
569 107
569 236
569 238
569 296
569 297
569 472
569 554
569 577
569 583
569 658
569 716
569 717
570 0
570 108
570 235
570 298
570 473
570 555
570 562
570 564
570 576
570 583
570 657
570 718
571 0
571 109
571 232
571 234
571 289
571 290
571 292
571 299
571 474
571 555
571 561
571 563
571 575
571 584
571 657
571 719
572 0
572 105
572 108
572 230
572 231
572 233
572 288
572 291
572 293
572 294
572 296
572 297
572 298
572 473
572 554
572 560
572 574
572 583
572 657
572 720
572 722
573 0
573 106
573 107
573 229
573 288
573 295
573 474
573 555
573 561
573 573
573 583
573 610
573 658
573 721
574 0
574 106
574 229
574 284
574 285
574 286
574 287
574 467
574 475
574 556
574 560
574 572
574 574
574 584
574 586
574 610
574 612
574 658
574 720
575 0
575 106
575 230
575 283
575 461
575 462
575 466
575 468
575 473
575 474
575 557
575 559
575 561
575 562
575 563
575 573
575 585
575 587
575 611
575 658
575 713
575 716
575 721
576 0
576 105
576 229
576 283
576 460
576 463
576 464
576 465
576 469
576 470
576 472
576 558
576 560
576 564
576 571
576 572
576 588
576 610
576 659
576 714
576 715
576 717
576 720
577 0
577 104
577 228
577 281
577 282
577 284
577 456
577 458
577 459
577 471
577 563
577 570
577 587
577 610
577 659
577 713
577 718
577 720
578 0
578 104
578 105
578 229
578 276
578 277
578 280
578 284
578 457
578 563
578 566
578 567
578 570
578 587
578 591
578 593
578 594
578 609
578 660
578 713
578 719
578 721
579 0
579 103
579 230
579 275
579 278
579 279
579 457
579 564
579 565
579 568
579 569
579 588
579 589
579 590
579 592
579 595
579 610
579 660
579 712
580 0
580 104
580 230
580 275
580 278
580 456
580 568
580 595
580 609
580 660
580 713
580 714
581 0
581 100
581 101
581 102
581 103
581 227
581 228
581 229
581 275
581 279
581 455
581 567
581 596
581 597
581 601
581 608
581 661
581 668
581 676
581 715
582 0
582 100
582 226
582 274
582 454
582 567
582 598
582 599
582 600
582 602
582 608
582 662
582 663
582 665
582 666
582 667
582 669
582 670
582 671
582 672
582 674
582 675
582 677
582 716
583 0
583 101
583 225
583 274
583 453
583 564
583 565
583 566
583 601
583 603
583 607
583 664
583 673
583 678
583 714
583 715
583 745
584 0
584 100
584 224
584 273
584 452
584 566
584 604
584 605
584 607
584 610
584 679
584 713
584 714
584 740
584 743
584 744
585 0
585 101
585 225
585 274
585 450
585 451
585 565
585 606
585 609
585 611
585 613
585 679
585 713
585 741
585 742
585 745
586 0
586 102
586 226
586 275
586 451
586 607
586 608
586 612
586 617
586 680
586 681
586 682
586 711
586 712
586 740
586 746
587 0
587 102
587 227
587 274
587 451
587 607
587 609
587 613
587 616
587 683
587 710
587 739
587 747
588 0
588 101
588 228
588 274
588 452
588 608
588 614
588 615
588 683
588 710
588 740
588 747
589 0
589 102
589 227
589 258
589 275
589 453
589 609
589 616
589 617
589 683
589 711
589 713
589 735
589 736
589 737
589 738
589 739
589 748
590 0
590 101
590 226
590 230
590 257
590 259
590 264
590 265
590 266
590 276
590 454
590 610
590 618
590 684
590 710
590 712
590 734
590 749
590 755
591 0
591 100
591 226
591 229
591 231
591 232
591 256
591 259
591 263
591 267
591 274
591 275
591 452
591 453
591 610
591 618
591 685
591 707
591 708
591 709
591 727
591 734
591 749
591 753
591 754
591 755
592 0
592 101
592 227
592 228
592 233
592 255
592 259
592 262
592 268
592 273
592 451
592 611
592 619
592 620
592 686
592 706
592 726
592 728
592 732
592 733
592 748
592 752
592 756
593 0
593 100
593 233
593 255
593 260
593 261
593 269
593 273
593 452
593 621
593 685
593 707
593 715
593 725
593 729
593 730
593 731
593 749
593 751
594 0
594 88
594 100
594 232
594 255
594 268
594 272
594 453
594 621
594 684
594 708
594 709
594 710
594 716
594 723
594 724
594 750
595 0
595 87
595 89
595 100
595 233
595 250
595 255
595 269
595 272
595 452
595 621
595 683
595 710
595 711
595 715
595 717
595 718
595 722
596 0
596 87
596 90
596 95
596 96
596 97
596 101
596 232
596 243
596 249
596 251
596 252
596 253
596 254
596 270
596 271
596 451
596 620
596 684
596 712
596 715
596 719
596 721
597 0
597 88
597 91
597 92
597 93
597 94
597 98
597 99
597 100
597 233
597 238
597 241
597 242
597 244
597 246
597 247
597 248
597 255
597 450
597 619
597 683
597 713
597 714
597 719
597 721
598 0
598 89
598 231
598 232
598 234
598 235
598 237
598 239
598 240
598 245
598 451
598 619
598 682
598 720
599 0
599 89
599 230
599 236
599 451
599 620
599 683
600 0
600 88
600 228
600 230
600 451
600 621
600 682
601 0
601 87
601 227
601 229
601 452
601 621
601 680
601 681
602 0
602 86
602 226
602 453
602 455
602 620
602 664
602 665
602 667
602 679
603 0
603 83
603 84
603 85
603 224
603 225
603 454
603 456
603 457
603 459
603 619
603 634
603 636
603 663
603 666
603 678
604 0
604 82
604 222
604 223
604 458
604 619
604 622
604 623
604 633
604 635
604 662
604 665
604 679
605 0
605 83
605 221
605 458
605 620
605 621
605 624
605 633
605 636
605 661
605 666
605 679
606 0
606 84
606 220
606 459
606 625
606 632
606 636
606 661
606 666
606 680
607 0
607 84
607 150
607 167
607 212
607 214
607 216
607 219
607 459
607 626
607 631
607 637
607 660
607 667
607 679
608 0
608 85
608 146
608 147
608 148
608 149
608 151
608 166
608 190
608 210
608 211
608 213
608 215
608 217
608 218
608 460
608 620
608 627
608 630
608 637
608 659
608 668
608 680
608 682
608 683
609 0
609 84
609 145
609 152
609 155
609 156
609 157
609 158
609 166
609 189
609 191
609 192
609 211
609 459
609 619
609 621
609 626
609 628
609 629
609 638
609 657
609 659
609 669
609 680
609 681
609 684
609 687
610 0
610 84
610 145
610 153
610 154
610 159
610 162
610 164
610 165
610 167
610 189
610 193
610 212
610 458
610 618
610 622
610 625
610 639
610 640
610 658
610 669
610 673
610 679
610 685
610 688
611 0
611 83
611 146
611 160
611 161
611 163
611 167
611 174
611 175
611 177
611 178
611 180
611 189
611 194
611 195
611 213
611 457
611 616
611 617
611 623
611 624
611 641
611 657
611 670
611 672
611 674
611 675
611 679
611 686
611 687
612 0
612 83
612 147
612 148
612 168
612 171
612 173
612 176
612 179
612 181
612 190
612 196
612 213
612 456
612 615
612 641
612 649
612 658
612 671
612 676
612 677
612 678
613 0
613 84
613 149
613 150
613 169
613 170
613 172
613 174
613 182
613 188
613 189
613 196
613 214
613 455
613 614
613 642
613 646
613 647
613 649
613 653
613 658
614 0
614 84
614 151
614 152
614 175
614 183
614 186
614 187
614 195
614 214
614 454
614 613
614 642
614 645
614 648
614 652
614 654
614 657
615 0
615 83
615 153
615 174
615 184
615 185
615 196
615 214
615 453
615 612
615 642
615 644
615 649
615 651
615 654
615 657
616 0
616 84
616 153
616 175
616 197
616 198
616 213
616 452
616 453
616 612
616 643
616 649
616 651
616 655
616 656
617 0
617 84
617 151
617 152
617 176
617 199
617 212
617 451
617 612
617 650
618 0
618 85
618 87
618 150
618 177
618 199
618 211
618 451
618 612
618 651
619 0
619 86
619 88
619 120
619 150
619 177
619 198
619 210
619 450
619 613
619 650
620 0
620 89
620 118
620 119
620 121
620 122
620 150
620 176
620 197
620 209
620 451
620 614
621 0
621 90
621 117
621 123
621 151
621 177
621 197
621 205
621 209
621 451
621 613
622 0
622 91
622 94
622 117
622 124
622 127
622 151
622 176
622 196
622 203
622 204
622 206
622 207
622 208
622 452
622 612
623 0
623 92
623 93
623 95
623 117
623 123
623 126
623 128
623 150
623 175
623 196
623 198
623 200
623 201
623 202
623 453
623 611
624 0
624 96
624 116
624 123
624 125
624 128
624 149
624 175
624 197
624 199
624 454
624 611
625 0
625 96
625 99
625 112
625 113
625 115
625 124
625 129
625 147
625 150
625 175
625 429
625 431
625 432
625 453
625 612
626 0
626 97
626 98
626 100
626 111
626 114
626 130
626 144
626 145
626 146
626 148
626 149
626 175
626 177
626 430
626 433
626 441
626 454
626 612
627 0
627 100
627 106
627 107
627 108
627 110
627 131
627 143
627 176
627 178
627 429
627 433
627 438
627 440
627 448
627 449
627 454
627 613
628 0
628 101
628 105
628 109
628 131
628 142
628 179
628 180
628 181
628 429
628 434
628 436
628 437
628 439
628 441
628 446
628 447
628 450
628 454
628 613
629 0
629 102
629 103
629 104
629 132
629 142
629 182
629 430
629 435
629 441
629 445
629 451
629 455
629 614
630 0
630 132
630 142
630 182
630 431
630 432
630 433
630 442
630 445
630 452
630 454
630 615
631 0
631 132
631 140
631 143
631 181
631 434
631 443
631 444
631 453
631 616
632 0
632 132
632 139
632 141
632 143
632 181
632 433
632 438
632 452
632 616
633 0
633 132
633 139
633 142
633 182
633 434
633 437
633 439
633 452
633 617
634 0
634 131
634 139
634 183
634 435
634 437
634 440
634 453
634 618
635 0
635 130
635 140
635 183
635 184
635 436
635 440
635 454
635 618
636 0
636 130
636 132
636 135
636 137
636 140
636 183
636 439
636 617
637 0
637 131
637 133
637 134
637 136
637 138
637 139
637 184
637 207
637 208
637 438
637 616
638 0
638 139
638 184
638 206
638 209
638 216
638 437
638 615
639 0
639 184
639 209
639 215
639 217
639 437
639 616
640 0
640 184
640 210
640 215
640 218
640 436
640 616
641 0
641 185
641 210
641 215
641 219
641 436
641 438
641 617
642 0
642 186
642 209
642 211
642 212
642 214
642 437
642 439
642 617
643 0
643 187
643 189
643 209
643 213
643 440
643 441
643 616
644 0
644 188
644 190
644 191
644 192
644 193
644 194
644 208
644 210
644 440
644 442
644 616
645 0
645 195
645 197
645 198
645 208
645 211
645 439
645 443
645 615
646 0
646 196
646 199
646 208
646 440
646 443
646 616
647 0
647 198
647 204
647 206
647 207
647 439
647 443
647 617
648 0
648 198
648 203
648 205
648 438
648 442
648 618
649 0
649 199
649 200
649 202
649 439
649 443
649 618
650 0
650 201
650 438
650 444
650 445
650 447
650 618
651 0
651 436
651 437
651 446
651 619
652 0
652 435
652 620
653 0
653 436
653 621
654 0
654 436
654 622
655 0
655 399
655 400
655 432
655 435
655 622
656 0
656 396
656 397
656 398
656 401
656 431
656 433
656 434
656 622
657 0
657 394
657 395
657 400
657 428
657 430
657 621
658 0
658 395
658 400
658 426
658 427
658 429
658 621
659 0
659 395
659 401
659 425
659 621
660 0
660 396
660 402
660 425
660 622
661 0
661 397
661 401
661 424
661 623
662 0
662 398
662 402
662 403
662 404
662 405
662 423
662 624
662 625
663 0
663 399
663 406
663 424
663 626
664 0
664 398
664 405
664 423
664 625
665 0
665 397
665 404
665 424
665 624
666 0
666 398
666 405
666 410
666 411
666 412
666 423
666 624
667 0
667 399
667 405
667 409
667 413
667 422
667 625
668 0
668 399
668 406
668 407
668 408
668 412
668 421
668 625
668 659
669 0
669 398
669 413
669 421
669 625
669 658
670 0
670 397
670 414
670 415
670 422
670 626
670 657
671 0
671 396
671 416
671 422
671 627
671 629
671 656
671 658
672 0
672 395
672 417
672 419
672 421
672 626
672 628
672 655
673 0
673 395
673 418
673 420
673 625
673 654
674 0
674 396
674 626
674 653
675 0
675 396
675 625
675 653
676 0
676 397
676 624
676 652
677 0
677 397
677 400
677 623
677 653
678 0
678 398
678 399
678 401
678 624
678 652
678 930
679 0
679 402
679 625
679 651
679 929
679 931
680 0
680 402
680 624
680 651
680 929
680 932
681 0
681 401
681 625
681 650
681 927
681 929
681 933
682 0
682 401
682 626
682 649
682 912
682 926
682 928
682 933
683 0
683 402
683 626
683 650
683 670
683 678
683 679
683 680
683 912
683 925
683 932
684 0
684 403
684 404
684 625
684 650
684 669
684 671
684 673
684 675
684 676
684 677
684 681
684 913
684 914
684 916
684 917
684 919
684 924
684 933
685 0
685 405
685 625
685 649
685 669
685 672
685 674
685 915
685 918
685 920
685 922
685 923
685 933
685 952
685 953
686 0
686 404
686 626
686 648
686 669
686 915
686 921
686 932
686 938
686 944
686 951
686 954
687 0
687 403
687 627
687 647
687 668
687 914
687 921
687 932
687 934
687 936
687 937
687 939
687 943
687 952
687 955
688 0
688 402
688 628
688 647
688 667
688 914
688 915
688 933
688 935
688 940
688 942
688 944
688 951
688 955
689 0
689 401
689 629
689 631
689 647
689 666
689 914
689 941
689 945
689 951
689 956
690 0
690 192
690 400
690 630
690 632
690 643
690 644
690 646
690 665
690 914
690 946
690 950
690 956
690 961
691 0
691 191
691 397
691 398
691 399
691 633
691 634
691 642
691 645
691 646
691 664
691 666
691 667
691 915
691 947
691 950
691 956
691 958
691 959
691 960
692 0
692 187
692 188
692 192
692 389
692 396
692 635
692 639
692 640
692 641
692 647
692 663
692 668
692 916
692 947
692 948
692 949
692 957
693 0
693 186
693 189
693 190
693 191
693 388
693 390
693 395
693 635
693 637
693 638
693 648
693 661
693 662
693 915
693 947
694 0
694 185
694 387
694 391
694 395
694 636
694 647
694 658
694 660
694 915
694 916
694 947
695 0
695 184
695 387
695 390
695 394
695 637
695 647
695 656
695 657
695 659
695 917
695 948
696 0
696 180
696 181
696 183
696 239
696 386
696 391
696 393
696 648
696 651
696 652
696 654
696 655
696 917
696 949
696 950
697 0
697 175
697 176
697 177
697 179
697 182
697 183
697 236
697 238
697 240
697 243
697 386
697 392
697 649
697 650
697 653
697 918
697 919
697 920
697 951
698 0
698 174
698 178
698 237
698 241
698 242
698 245
698 246
698 254
698 387
698 917
698 921
698 922
698 950
699 0
699 174
699 238
699 243
699 244
699 247
699 253
699 255
699 388
699 923
699 949
700 0
700 174
700 239
700 242
700 247
700 253
700 256
700 389
700 923
700 949
701 0
701 139
701 141
701 175
701 176
701 240
701 247
701 250
701 251
701 253
701 257
701 335
701 352
701 389
701 924
701 948
701 949
702 0
702 138
702 140
702 142
702 177
702 239
702 247
702 249
702 252
702 257
702 336
702 337
702 338
702 352
702 353
702 354
702 390
702 925
702 950
703 0
703 137
703 143
703 144
703 178
703 179
703 239
703 248
703 253
703 258
703 329
703 334
703 335
703 339
703 341
703 342
703 346
703 348
703 351
703 355
703 390
703 925
703 950
704 0
704 135
704 137
704 145
704 180
704 239
704 257
704 316
704 323
704 328
704 333
704 340
704 343
704 344
704 345
704 347
704 349
704 350
704 355
704 390
704 924
704 949
705 0
705 134
705 136
705 146
705 158
705 180
705 214
705 215
705 236
705 237
705 238
705 258
705 259
705 260
705 317
705 322
705 327
705 329
705 330
705 332
705 354
705 369
705 389
705 920
705 921
705 922
705 924
705 949
706 0
706 134
706 147
706 154
706 155
706 156
706 157
706 159
706 180
706 213
706 216
706 217
706 239
706 260
706 317
706 322
706 327
706 331
706 353
706 368
706 370
706 374
706 390
706 919
706 923
706 950
707 0
707 135
707 148
707 153
707 160
707 161
707 173
707 174
707 181
707 212
707 218
707 240
707 260
707 316
707 322
707 326
707 353
707 367
707 371
707 372
707 373
707 375
707 389
707 918
707 920
707 949
708 0
708 134
708 148
708 152
708 162
708 172
708 175
708 176
708 177
708 178
708 182
708 184
708 205
708 213
708 218
708 240
708 261
708 311
708 313
708 314
708 315
708 321
708 323
708 325
708 354
708 366
708 376
708 388
708 917
708 948
709 0
709 135
709 136
709 148
709 151
709 152
709 162
709 172
709 179
709 183
709 185
709 187
709 204
709 206
709 213
709 219
709 239
709 256
709 260
709 304
709 311
709 312
709 321
709 324
709 355
709 356
709 365
709 377
709 385
709 387
709 916
709 918
709 922
709 923
709 924
709 947
710 0
710 137
710 149
710 150
710 161
710 172
710 180
710 186
710 188
710 191
710 198
710 203
710 207
710 208
710 209
710 214
710 219
710 238
710 254
710 255
710 257
710 259
710 305
710 310
710 313
710 317
710 320
710 357
710 358
710 359
710 363
710 364
710 377
710 383
710 384
710 386
710 918
710 919
710 921
710 925
710 946
711 0
711 136
711 162
711 163
711 171
711 181
711 182
711 185
711 189
711 190
711 197
711 199
711 202
711 210
711 211
711 214
711 218
711 237
711 253
711 258
711 306
711 307
711 309
711 314
711 316
711 318
711 319
711 360
711 361
711 362
711 378
711 381
711 382
711 920
711 924
711 946
712 0
712 128
712 129
712 131
712 132
712 134
712 135
712 162
712 170
712 183
712 184
712 185
712 190
712 197
712 200
712 202
712 212
712 213
712 218
712 237
712 252
712 305
712 308
712 315
712 378
712 380
712 919
712 923
712 945
713 0
713 127
713 130
713 133
713 162
713 169
713 191
713 192
713 193
713 194
713 195
713 196
713 201
713 219
713 232
713 233
713 237
713 252
713 301
713 302
713 304
713 379
713 919
713 924
713 946
714 0
714 126
714 163
714 168
714 220
714 231
714 234
714 236
714 253
714 300
714 303
714 924
714 947
714 948
715 0
715 125
715 163
715 167
715 220
715 227
715 231
715 235
715 254
715 299
715 923
715 949
716 0
716 126
716 127
716 164
716 167
716 219
716 226
716 228
716 231
716 255
716 256
716 300
716 921
716 922
716 950
716 951
717 0
717 128
717 163
717 165
717 166
717 218
717 222
717 223
717 225
717 229
717 231
717 257
717 258
717 299
717 920
717 950
718 0
718 129
718 162
718 218
718 219
718 221
718 224
718 230
718 259
718 298
718 919
718 921
718 950
719 0
719 129
719 218
719 220
719 231
719 259
719 296
719 297
719 912
719 918
719 921
719 949
720 0
720 106
720 128
720 217
720 259
720 295
720 911
720 913
720 918
720 922
720 949
721 0
721 105
721 107
721 126
721 129
721 216
721 259
721 293
721 294
721 911
721 914
721 917
721 922
721 949
722 0
722 104
722 107
722 125
722 127
722 128
722 216
722 260
722 292
722 911
722 915
722 917
722 923
722 948
723 0
723 103
723 108
723 125
723 217
723 218
723 259
723 291
723 910
723 916
723 924
723 947
724 0
724 103
724 109
724 115
724 116
724 124
724 219
724 220
724 259
724 291
724 293
724 295
724 911
724 923
724 946
725 0
725 102
725 110
725 114
725 117
725 123
725 221
725 258
725 292
725 294
725 911
725 946
726 0
726 103
726 111
726 113
726 118
726 122
726 220
726 259
726 294
726 911
726 945
727 0
727 99
727 102
727 111
727 113
727 119
727 120
727 121
727 218
727 219
727 260
727 295
727 910
727 946
728 0
728 98
728 100
728 101
728 112
728 217
728 261
728 295
728 909
728 946
729 0
729 96
729 98
729 217
729 260
729 296
729 908
729 946
730 0
730 95
730 97
730 218
730 261
730 295
730 907
730 947
731 0
731 94
731 218
731 260
731 262
731 296
731 906
731 945
731 946
732 0
732 92
732 93
732 218
732 261
732 297
732 906
732 908
732 944
733 0
733 91
733 217
733 260
733 262
733 289
733 290
733 298
733 907
733 909
733 944
734 0
734 90
734 216
734 262
734 288
734 291
734 292
734 293
734 299
734 910
734 942
734 943
735 0
735 90
735 215
735 261
735 287
735 294
735 299
735 910
735 941
735 945
736 0
736 91
736 212
736 213
736 214
736 262
736 280
736 285
736 286
736 294
736 295
736 299
736 905
736 911
736 942
736 944
736 946
737 0
737 90
737 211
737 263
737 279
737 281
737 283
737 284
737 296
737 298
737 904
737 906
737 907
737 910
737 943
737 947
738 0
738 89
738 212
738 262
738 278
738 282
738 297
738 903
738 908
738 909
738 946
739 0
739 89
739 213
739 263
739 277
739 902
739 938
739 939
739 945
740 0
740 87
740 88
740 214
740 263
740 266
740 267
740 277
740 901
740 937
740 940
740 946
740 947
740 948
741 0
741 86
741 210
741 212
741 213
741 263
741 265
741 268
741 269
741 276
741 900
741 902
741 936
741 941
741 942
741 943
741 949
742 0
742 86
742 207
742 208
742 209
742 211
742 264
742 265
742 269
742 276
742 902
742 935
742 944
742 950
742 951
742 952
743 0
743 85
743 128
743 206
743 266
743 269
743 272
743 275
743 903
743 936
743 945
743 953
744 0
744 84
744 127
744 207
744 209
744 210
744 265
744 270
744 271
744 273
744 274
744 904
744 936
744 946
744 952
745 0
745 69
745 70
745 77
745 78
745 85
745 127
745 208
745 211
745 272
745 905
745 936
745 947
745 952
746 0
746 68
746 71
746 76
746 79
746 86
746 128
746 212
746 271
746 274
746 282
746 906
746 936
746 948
746 951
747 0
747 67
747 71
747 76
747 80
747 85
747 127
747 212
747 272
747 273
747 275
747 277
747 279
747 280
747 281
747 283
747 907
747 935
747 949
747 950
748 0
748 67
748 71
748 77
748 81
748 85
748 126
748 213
748 276
748 278
748 284
748 285
748 286
748 908
748 934
749 0
749 59
749 60
749 61
749 63
749 66
749 72
749 73
749 78
749 82
749 84
749 125
749 213
749 275
749 287
749 290
749 909
749 933
750 0
750 58
750 62
750 64
750 65
750 74
750 78
750 83
750 124
750 214
750 220
750 288
750 289
750 291
750 910
750 932
751 0
751 58
751 74
751 78
751 124
751 215
751 216
751 217
751 219
751 221
751 289
751 910
751 932
752 0
752 57
752 73
752 77
752 123
752 218
752 222
752 223
752 287
752 289
752 911
752 933
753 0
753 55
753 56
753 74
753 77
753 124
753 217
753 224
753 286
753 288
753 911
753 933
754 0
754 54
754 74
754 76
754 125
754 216
754 224
754 285
754 912
754 933
755 0
755 54
755 75
755 126
755 215
755 225
755 286
755 913
755 932
756 0
756 53
756 126
756 215
756 225
756 287
756 914
756 931
757 0
757 53
757 125
757 214
757 225
757 287
757 914
757 930
758 0
758 52
758 124
758 214
758 225
758 288
758 290
758 292
758 914
758 929
759 0
759 51
759 123
759 213
759 226
759 289
759 291
759 293
759 915
759 928
760 0
760 50
760 122
760 212
760 227
760 293
760 916
760 927
761 0
761 49
761 122
761 213
761 227
761 292
761 916
761 928
762 0
762 50
762 120
762 121
762 212
762 228
762 293
762 915
762 929
763 0
763 50
763 119
763 213
763 214
763 229
763 294
763 295
763 298
763 916
763 929
764 0
764 51
764 52
764 119
764 215
764 230
764 294
764 296
764 297
764 299
764 912
764 913
764 914
764 915
764 928
765 0
765 26
765 27
765 33
765 34
765 53
765 54
765 120
765 214
765 229
765 293
765 300
765 301
765 305
765 911
765 929
766 0
766 25
766 28
766 32
766 35
766 37
766 38
766 39
766 55
766 120
766 210
766 213
766 230
766 294
766 302
766 304
766 912
766 930
767 0
767 25
767 28
767 32
767 36
767 40
767 56
767 119
767 209
767 211
767 212
767 303
767 305
767 480
767 484
767 912
767 931
768 0
768 24
768 28
768 31
768 33
768 40
768 56
768 79
768 80
768 118
768 306
768 477
768 478
768 479
768 481
768 483
768 485
768 913
768 932
769 0
769 25
769 29
769 30
769 34
769 41
769 42
769 44
769 56
769 78
769 81
769 117
769 307
769 476
769 482
769 485
769 912
769 932
770 0
770 25
770 43
770 44
770 55
770 68
770 69
770 71
770 79
770 82
770 117
770 306
770 311
770 312
770 313
770 475
770 484
770 912
770 932
771 0
771 24
771 45
771 47
771 54
771 58
771 59
771 65
771 67
771 70
771 72
771 78
771 83
771 118
771 307
771 309
771 310
771 314
771 462
771 464
771 473
771 474
771 485
771 913
771 914
771 915
771 918
771 919
771 920
771 932
772 0
772 19
772 23
772 46
772 53
772 54
772 55
772 57
772 60
772 64
772 66
772 72
772 77
772 84
772 86
772 87
772 118
772 308
772 314
772 422
772 461
772 463
772 465
772 472
772 485
772 496
772 497
772 506
772 916
772 917
772 921
772 933
773 0
773 15
773 18
773 20
773 22
773 46
773 50
773 51
773 52
773 56
773 61
773 63
773 73
773 74
773 76
773 85
773 88
773 113
773 118
773 315
773 421
773 423
773 425
773 426
773 461
773 465
773 471
773 486
773 495
773 498
773 501
773 502
773 503
773 504
773 506
773 513
773 922
773 933
774 0
774 11
774 12
774 13
774 14
774 16
774 17
774 21
774 46
774 48
774 49
774 62
774 75
774 89
774 112
774 114
774 115
774 116
774 118
774 316
774 413
774 414
774 420
774 424
774 427
774 460
774 466
774 467
774 470
774 485
774 494
774 499
774 500
774 505
774 512
774 514
774 516
774 923
774 933
775 0
775 10
775 21
775 47
775 89
775 111
775 117
775 317
775 318
775 319
775 321
775 412
775 415
775 419
775 425
775 428
775 430
775 459
775 468
775 469
775 486
775 493
775 500
775 505
775 511
775 515
775 922
775 932
776 0
776 11
776 20
776 22
776 90
776 110
776 320
776 322
776 411
776 415
776 420
776 429
776 458
776 486
776 492
776 500
776 506
776 510
776 533
776 921
776 931
777 0
777 11
777 90
777 110
777 322
777 410
777 416
777 421
777 428
777 455
777 456
777 457
777 487
777 492
777 499
777 507
777 509
777 533
777 920
777 932
778 0
778 12
778 91
778 109
778 322
778 391
778 392
778 409
778 417
778 420
778 429
778 454
778 488
778 493
778 498
778 505
778 508
778 510
778 533
778 921
778 933
779 0
779 12
779 90
779 110
779 323
779 390
779 408
779 410
779 418
779 419
779 430
779 454
779 488
779 490
779 492
779 499
779 504
779 508
779 511
779 533
779 920
779 932
780 0
780 13
780 14
780 91
780 110
780 324
780 389
780 411
780 429
780 455
780 489
780 491
780 498
780 504
780 509
780 532
780 919
780 933
781 0
781 15
781 91
781 110
781 323
781 388
781 412
781 430
781 439
781 440
781 455
781 499
781 503
781 510
781 532
781 919
781 933
782 0
782 16
782 90
782 103
782 109
782 324
782 389
782 412
782 431
782 432
782 437
782 438
782 441
782 455
782 500
782 503
782 511
782 512
782 517
782 530
782 531
782 920
782 932
782 941
782 942
783 0
783 17
783 91
783 102
783 104
783 105
783 107
783 108
783 323
783 328
783 329
783 388
783 413
783 433
783 434
783 435
783 436
783 441
783 451
783 453
783 455
783 499
783 502
783 513
783 514
783 518
783 529
783 920
783 932
783 940
783 943
784 0
784 17
784 91
784 101
784 106
784 323
784 327
784 388
784 410
784 411
784 413
784 440
784 450
784 452
784 454
784 497
784 498
784 500
784 501
784 515
784 517
784 530
784 919
784 933
784 940
784 944
785 0
785 18
785 91
785 98
785 100
785 324
785 326
785 388
785 409
785 412
785 441
785 447
785 449
785 454
785 496
785 515
785 516
785 531
785 544
785 549
785 918
785 932
785 938
785 939
785 945
786 0
786 17
786 92
786 97
786 99
786 325
786 326
786 388
786 409
786 441
786 446
786 448
786 497
786 515
786 532
786 533
786 543
786 545
786 548
786 550
786 915
786 916
786 917
786 932
786 935
786 937
786 944
787 0
787 17
787 93
787 96
787 327
787 328
787 387
787 408
787 442
787 444
787 446
787 498
787 514
787 534
787 542
787 546
787 547
787 551
787 914
787 933
787 934
787 936
787 943
788 0
788 16
788 94
788 95
788 329
788 388
788 409
788 443
788 445
788 499
788 513
788 535
788 542
788 543
788 551
788 913
788 943
789 0
789 17
789 330
789 389
789 407
789 408
789 446
789 500
789 513
789 514
789 536
789 540
789 541
789 552
789 553
789 914
789 944
790 0
790 17
790 331
790 390
790 406
790 500
790 512
790 537
790 539
790 554
790 555
790 914
790 945
791 0
791 16
791 331
791 390
791 392
791 404
791 405
791 499
791 512
791 538
791 556
791 911
791 912
791 913
791 915
791 944
792 0
792 16
792 330
792 391
792 393
792 403
792 500
792 501
792 502
792 503
792 505
792 507
792 511
792 516
792 517
792 519
792 520
792 526
792 538
792 556
792 910
792 944
793 0
793 13
793 15
793 330
793 388
793 389
793 390
793 393
793 402
793 504
793 506
793 511
793 513
793 515
793 518
793 521
793 526
793 527
793 534
793 537
793 555
793 910
793 944
794 0
794 10
794 11
794 12
794 14
794 331
794 387
794 392
794 401
794 503
794 511
794 512
794 514
794 522
794 525
794 528
794 534
794 537
794 556
794 720
794 909
794 945
794 946
795 0
795 9
795 332
795 335
795 336
795 386
795 393
795 399
795 400
795 502
795 512
795 523
795 524
795 526
795 529
795 530
795 531
795 532
795 533
795 535
795 536
795 555
795 719
795 721
795 910
795 947
796 0
796 7
796 8
796 333
796 334
796 337
796 386
796 394
796 398
796 502
796 512
796 522
796 537
796 556
796 718
796 721
796 910
796 948
797 0
797 3
797 6
797 337
797 376
797 387
797 395
797 398
797 503
797 555
797 717
797 721
797 911
797 948
798 0
798 2
798 4
798 5
798 337
798 375
798 377
798 387
798 396
798 397
798 503
798 504
798 505
798 554
798 718
798 722
798 911
798 948
799 0
799 1
799 336
799 338
799 340
799 374
799 378
799 388
799 502
799 555
799 719
799 723
799 910
799 947
800 0
800 336
800 339
800 341
800 375
800 379
800 388
800 503
800 556
800 715
800 717
800 718
800 724
800 910
800 947
800 989
801 0
801 335
801 341
801 375
801 379
801 389
801 397
801 502
801 557
801 714
801 716
801 725
801 726
801 728
801 910
801 948
801 985
801 986
801 987
801 988
802 0
802 335
802 342
802 374
802 379
802 390
802 392
802 393
802 396
802 398
802 501
802 557
802 714
802 727
802 729
802 732
802 909
802 948
802 949
802 951
802 984
802 989
803 0
803 335
803 343
803 373
803 379
803 389
803 391
803 394
803 395
803 399
803 500
803 557
803 713
803 730
803 731
803 733
803 910
803 950
803 952
803 979
803 982
803 983
803 988
804 0
804 336
804 342
804 348
804 350
804 351
804 359
804 372
804 380
804 388
804 400
804 401
804 500
804 557
804 712
804 911
804 953
804 968
804 969
804 980
804 981
804 987
805 0
805 337
805 343
805 345
805 347
805 349
805 352
805 353
805 354
805 358
805 360
805 371
805 381
805 382
805 383
805 386
805 387
805 389
805 402
805 406
805 499
805 557
805 711
805 910
805 954
805 955
805 967
805 970
805 979
805 988
805 990
806 0
806 337
806 344
806 346
806 355
806 357
806 361
806 370
806 384
806 385
806 403
806 405
806 498
806 558
806 710
806 911
806 956
806 957
806 966
806 971
806 972
806 978
806 989
806 991
806 993
807 0
807 338
807 356
807 361
807 367
807 368
807 369
807 386
807 400
807 401
807 402
807 405
807 499
807 559
807 710
807 912
807 958
807 959
807 966
807 973
807 979
807 992
807 993
808 0
808 339
808 355
808 361
808 366
808 399
808 403
808 404
808 498
808 558
808 711
808 712
808 913
808 960
808 961
808 965
808 974
808 978
808 994
809 0
809 340
809 354
809 362
809 367
809 398
809 403
809 498
809 559
809 713
809 913
809 962
809 963
809 964
809 974
809 977
809 995
810 0
810 340
810 353
810 363
810 366
810 398
810 404
810 405
810 406
810 498
810 503
810 505
810 506
810 560
810 561
810 713
810 912
810 975
810 976
810 996
811 0
811 338
811 339
811 352
811 364
811 365
811 399
811 407
811 419
811 420
811 421
811 424
811 497
811 500
811 502
811 504
811 562
811 712
811 913
811 996
812 0
812 353
812 407
812 410
812 418
812 422
812 423
812 425
812 498
812 499
812 501
812 504
812 562
812 710
812 711
812 913
812 997
813 0
813 353
813 408
813 409
813 411
813 412
813 414
813 415
813 417
813 425
813 505
813 561
813 709
813 908
813 912
813 996
814 0
814 352
814 413
814 416
814 424
814 561
814 708
814 907
814 909
814 911
814 997
815 0
815 353
815 424
815 562
815 709
815 906
815 910
815 997
816 0
816 352
816 424
816 562
816 708
816 903
816 904
816 905
816 996
817 0
817 351
817 423
817 563
817 695
817 696
817 708
817 902
817 997
818 0
818 351
818 564
818 694
818 697
818 707
818 902
818 998
819 0
819 349
819 351
819 565
819 693
819 698
819 699
819 702
819 706
819 903
819 904
819 905
819 906
819 996
819 997
820 0
820 348
820 350
820 564
820 693
820 698
820 701
820 703
820 704
820 706
820 907
820 914
820 995
821 0
821 347
821 565
821 692
821 699
821 700
821 705
821 706
821 908
821 913
821 915
821 916
821 917
821 994
822 0
822 347
822 566
822 569
822 570
822 692
822 707
822 909
822 913
822 918
822 993
823 0
823 348
823 349
823 567
823 568
823 571
823 572
823 692
823 706
823 910
823 911
823 912
823 918
823 992
824 0
824 350
824 573
824 692
824 706
824 991
825 0
825 350
825 574
825 692
825 706
825 990
826 0
826 351
826 575
826 576
826 577
826 693
826 707
826 989
827 0
827 351
827 578
827 692
827 707
827 988
828 0
828 352
828 575
828 577
828 598
828 608
828 609
828 691
828 706
828 987
829 0
829 352
829 576
829 597
829 599
829 607
829 610
829 611
829 692
829 694
829 705
829 714
829 716
829 988
830 0
830 353
830 577
830 590
830 592
830 593
830 594
830 596
830 600
830 602
830 606
830 612
830 693
830 695
830 706
830 709
830 710
830 712
830 713
830 715
830 717
830 988
831 0
831 352
831 577
831 581
831 589
831 591
831 595
831 601
831 603
831 605
831 611
831 695
831 707
831 708
831 711
831 717
831 987
832 0
832 18
832 351
832 558
832 573
832 575
832 576
832 578
832 580
832 582
832 583
832 588
832 592
832 604
832 610
832 696
832 718
832 719
832 721
832 722
832 986
833 0
833 19
833 352
833 556
833 557
833 559
833 572
833 574
833 579
833 584
833 588
833 592
833 594
833 611
833 613
833 695
833 720
833 723
833 724
833 985
834 0
834 20
834 353
834 354
834 555
834 560
834 572
834 585
834 588
834 593
834 612
834 614
834 695
834 721
834 725
834 985
835 0
835 21
835 355
835 556
835 561
835 571
835 586
835 587
835 594
835 615
835 695
835 726
835 984
836 0
836 21
836 354
836 556
836 562
836 563
836 565
836 570
836 593
836 614
836 691
836 696
836 727
836 984
837 0
837 21
837 353
837 556
837 564
837 565
837 566
837 571
837 592
837 615
837 690
837 692
837 695
837 728
837 985
837 986
837 987
838 0
838 22
838 353
838 556
838 567
838 570
838 591
838 616
838 685
838 687
838 688
838 689
838 693
838 694
838 728
838 984
838 988
839 0
839 9
839 13
839 15
839 22
839 353
839 555
839 568
839 569
839 591
839 615
839 682
839 683
839 684
839 686
839 729
839 988
840 0
840 8
840 10
840 11
840 12
840 14
840 16
840 17
840 21
840 354
840 554
840 591
840 613
840 614
840 680
840 681
840 729
840 964
840 988
841 0
841 1
841 2
841 5
841 6
841 7
841 18
841 20
841 355
841 554
841 592
841 612
841 679
841 729
841 732
841 733
841 963
841 989
842 0
842 3
842 4
842 19
842 356
842 357
842 358
842 555
842 593
842 613
842 678
842 730
842 732
842 734
842 962
842 988
843 0
843 359
843 554
843 593
843 612
843 678
843 731
843 735
843 963
843 988
844 0
844 360
844 364
844 365
844 555
844 594
844 611
844 678
844 736
844 738
844 963
844 989
845 0
845 359
845 363
845 366
845 555
845 595
845 596
845 610
845 625
845 626
845 627
845 679
845 737
845 739
845 964
845 988
846 0
846 360
846 362
846 366
846 556
846 597
846 611
846 612
846 624
846 628
846 629
846 630
846 678
846 740
846 741
846 965
846 989
847 0
847 361
847 365
847 556
847 598
847 613
847 625
847 631
847 677
847 742
847 964
847 988
848 0
848 365
848 555
848 614
848 615
848 617
848 619
848 626
848 631
848 676
848 743
848 963
848 987
849 0
849 366
849 555
849 616
849 618
849 620
849 625
849 632
849 634
849 677
849 743
849 964
849 984
849 986
850 0
850 365
850 554
850 621
850 622
850 624
850 633
850 635
850 636
850 637
850 639
850 640
850 641
850 676
850 743
850 963
850 985
851 0
851 358
851 359
851 360
851 361
851 363
851 364
851 553
851 623
851 638
851 642
851 675
851 735
851 736
851 744
851 962
851 984
852 0
852 356
852 357
852 362
852 554
852 643
852 645
852 648
852 649
852 652
852 675
852 734
852 737
852 743
852 961
852 983
853 0
853 355
853 555
853 644
853 646
853 647
853 650
853 651
853 653
853 674
853 733
853 737
853 739
853 740
853 742
853 960
853 982
854 0
854 354
854 556
854 654
854 673
854 727
854 729
854 730
854 732
854 738
854 741
854 959
854 983
855 0
855 354
855 555
855 653
855 672
855 728
855 731
855 857
855 959
855 983
856 0
856 355
856 555
856 653
856 667
856 668
856 669
856 671
856 729
856 858
856 958
856 984
856 985
857 0
857 356
857 555
857 648
857 652
857 666
857 670
857 729
857 730
857 859
857 957
857 986
858 0
858 356
858 555
858 647
858 649
858 650
858 651
858 665
858 731
858 859
858 874
858 958
858 987
858 988
858 990
858 991
858 992
858 993
859 0
859 357
859 556
859 646
859 666
859 732
859 860
859 861
859 873
859 875
859 959
859 989
859 994
860 0
860 356
860 557
860 644
860 645
860 665
860 732
860 862
860 871
860 872
860 876
860 877
860 958
860 993
861 0
861 357
861 558
861 642
861 643
861 666
861 667
861 731
861 861
861 863
861 864
861 865
861 867
861 870
861 878
861 879
861 957
861 992
862 0
862 357
862 559
862 643
862 668
862 732
862 861
862 866
862 868
862 869
862 880
862 958
862 993
863 0
863 358
863 560
863 562
863 643
863 669
863 670
863 671
863 732
863 860
863 879
863 957
863 993
864 0
864 357
864 561
864 563
864 642
864 672
864 731
864 860
864 878
864 957
864 994
865 0
865 356
865 564
865 641
865 672
865 730
865 859
865 879
865 882
865 883
865 884
865 886
865 956
865 994
866 0
866 355
866 564
866 639
866 640
866 672
866 729
866 859
866 880
866 881
866 885
866 887
866 954
866 956
866 994
867 0
867 356
867 564
867 638
867 673
867 728
867 860
867 888
867 952
867 953
867 955
867 995
868 0
868 357
868 370
868 564
868 637
868 672
868 729
868 860
868 889
868 950
868 951
868 996
869 0
869 358
869 360
869 366
869 368
869 369
869 371
869 381
869 382
869 383
869 384
869 385
869 565
869 637
869 673
869 730
869 734
869 859
869 890
869 895
869 896
869 897
869 949
869 997
870 0
870 359
870 361
870 365
870 367
870 372
870 380
870 386
870 564
870 638
870 672
870 731
870 733
870 735
870 736
870 858
870 891
870 893
870 894
870 898
870 948
870 998
871 0
871 362
871 365
871 372
871 379
871 386
871 565
871 635
871 636
871 639
871 673
871 732
871 737
871 858
871 892
871 899
871 900
871 947
871 998
872 0
872 363
872 365
872 373
872 378
872 385
872 565
872 633
872 634
872 637
872 638
872 674
872 736
872 790
872 858
872 901
872 946
872 998
873 0
873 364
873 374
873 375
873 376
873 377
873 386
873 566
873 632
873 675
873 676
873 736
873 789
873 791
873 797
873 857
873 894
873 900
873 945
873 999
874 0
874 386
874 567
874 631
874 677
874 679
874 681
874 682
874 736
874 788
874 792
874 795
874 796
874 798
874 799
874 800
874 856
874 872
874 893
874 895
874 896
874 899
874 939
874 945
874 998
875 0
875 387
875 566
875 632
875 678
875 680
875 683
875 737
875 788
875 793
875 794
875 801
875 812
875 813
875 842
875 857
875 873
875 887
875 888
875 889
875 891
875 892
875 897
875 898
875 900
875 938
875 940
875 944
875 999
875 1000
875 1001
875 1002
876 0
876 388
876 565
876 631
876 683
876 737
876 787
876 802
876 811
876 814
876 841
876 858
876 872
876 886
876 890
876 901
876 934
876 935
876 937
876 941
876 943
876 1003
877 0
877 388
877 390
877 564
877 630
877 682
877 737
877 786
877 803
877 811
877 815
877 842
877 859
877 871
877 885
877 901
877 933
877 936
877 942
877 991
877 993
877 999
877 1004
877 1005
878 0
878 389
878 391
878 393
878 394
878 561
878 562
878 563
878 631
878 681
878 736
878 785
878 803
878 811
878 816
878 841
878 843
878 860
878 870
878 886
878 887
878 900
878 933
878 982
878 990
878 992
878 994
878 998
878 1000
878 1006
878 1007
879 0
879 392
879 395
879 560
879 631
879 680
879 736
879 780
879 781
879 784
879 803
879 810
879 817
879 840
879 843
879 861
879 871
879 888
879 900
879 933
879 979
879 980
879 981
879 983
879 984
879 990
879 995
879 997
879 1001
879 1002
879 1008
880 0
880 395
880 561
880 632
880 633
880 634
880 635
880 637
880 678
880 679
880 734
880 735
880 779
880 782
880 783
880 804
880 811
880 818
880 839
880 844
880 862
880 871
880 889
880 901
880 932
880 975
880 978
880 985
880 991
880 996
880 1003
880 1004
880 1008
881 0
881 396
881 405
881 561
881 636
881 638
881 665
881 677
881 733
881 778
881 805
881 811
881 819
881 839
881 845
881 863
881 872
881 890
881 900
881 911
881 912
881 913
881 933
881 974
881 976
881 977
881 985
881 992
881 1005
881 1007
882 0
882 397
882 403
882 404
882 406
882 410
882 560
882 638
882 664
882 666
882 676
882 732
882 777
882 805
882 812
882 818
882 833
882 834
882 839
882 845
882 863
882 872
882 889
882 901
882 909
882 910
882 914
882 934
882 973
882 986
882 993
882 1005
882 1008
883 0
883 398
883 399
883 402
883 407
883 408
883 409
883 411
883 557
883 558
883 559
883 639
883 656
883 657
883 661
883 663
883 667
883 668
883 669
883 671
883 673
883 674
883 675
883 732
883 774
883 775
883 776
883 804
883 811
883 817
883 832
883 835
883 838
883 844
883 864
883 871
883 888
883 902
883 907
883 908
883 915
883 933
883 973
883 986
883 992
883 1006
883 1007
884 0
884 400
884 401
884 411
884 556
884 638
884 655
884 658
884 660
884 662
884 670
884 672
884 731
884 772
884 773
884 804
884 810
884 818
884 833
884 836
884 837
884 844
884 863
884 872
884 888
884 903
884 906
884 916
884 918
884 924
884 925
884 932
884 973
884 987
884 991
885 0
885 412
885 556
885 636
885 637
885 655
885 659
885 731
885 771
885 805
885 808
885 809
885 819
885 834
885 845
885 861
885 862
885 872
885 888
885 903
885 905
885 917
885 919
885 923
885 926
885 929
885 930
885 931
885 972
885 988
885 990
886 0
886 411
886 555
886 635
886 654
886 731
886 770
886 806
886 807
886 819
886 834
886 846
886 860
886 873
886 877
886 878
886 887
886 904
886 920
886 923
886 927
886 928
886 932
886 972
886 989
887 0
887 411
887 556
887 634
887 654
887 730
887 732
887 734
887 771
887 819
887 833
887 847
887 860
887 874
887 875
887 876
887 879
887 886
887 921
887 922
887 932
887 971
888 0
888 412
888 557
888 633
888 655
888 729
888 733
888 770
888 818
888 834
888 848
888 861
888 879
888 884
888 885
888 932
888 971
889 0
889 413
889 558
889 634
889 654
889 725
889 727
889 728
889 769
889 817
889 834
889 849
889 862
889 879
889 883
889 933
889 971
890 0
890 414
890 416
890 559
890 635
890 653
890 724
890 726
890 768
890 816
890 833
890 848
890 862
890 880
890 882
890 934
890 971
891 0
891 415
891 417
891 559
891 636
891 652
891 723
891 767
891 816
891 832
891 848
891 862
891 881
891 935
891 970
892 0
892 418
892 559
892 635
892 650
892 651
892 722
892 766
892 815
892 832
892 848
892 861
892 935
892 966
892 967
892 969
893 0
893 417
893 419
893 560
893 634
893 649
893 721
893 765
893 815
893 832
893 848
893 860
893 936
893 965
893 968
894 0
894 417
894 561
894 635
894 637
894 647
894 648
894 721
894 762
894 764
894 816
894 831
894 848
894 859
894 935
894 964
895 0
895 417
895 562
895 636
895 638
895 642
895 646
895 713
895 714
895 720
895 761
895 763
895 816
895 830
895 848
895 858
895 935
895 964
896 0
896 418
896 563
896 639
896 640
896 641
896 643
896 644
896 646
896 712
896 715
896 717
896 721
896 760
896 817
896 829
896 848
896 857
896 859
896 931
896 933
896 934
896 963
896 966
897 0
897 417
897 562
897 645
897 711
897 716
897 718
897 719
897 721
897 759
897 817
897 828
897 849
897 850
897 851
897 852
897 853
897 857
897 929
897 930
897 932
897 964
897 965
897 967
897 968
898 0
898 418
898 561
898 712
898 720
898 758
898 816
898 820
898 829
898 854
898 856
898 928
898 969
899 0
899 417
899 557
899 558
899 560
899 712
899 756
899 757
899 817
899 819
899 830
899 855
899 929
899 930
899 969
900 0
900 417
900 555
900 556
900 559
900 713
900 755
900 818
900 830
900 931
900 945
900 960
900 961
900 968
901 0
901 418
901 554
901 712
901 754
901 819
901 830
901 932
901 933
901 935
901 936
901 937
901 944
901 946
901 959
901 962
901 967
902 0
902 416
902 419
902 553
902 711
902 754
902 818
902 829
902 934
902 938
902 943
902 947
902 948
902 950
902 959
902 963
902 965
902 966
903 0
903 417
903 418
903 552
903 711
903 753
903 818
903 828
903 939
903 942
903 949
903 951
903 960
903 964
904 0
904 417
904 551
904 708
904 709
904 711
904 752
904 818
904 820
904 826
904 829
904 940
904 941
904 952
904 959
905 0
905 416
905 551
905 707
905 710
905 751
905 819
905 821
905 822
905 823
905 825
905 827
905 828
905 953
905 956
905 960
906 0
906 417
906 550
906 706
906 750
906 824
906 954
906 955
906 957
906 958
906 959
906 961
907 0
907 414
907 415
907 416
907 550
907 707
907 749
907 957
908 0
908 412
908 413
908 546
908 547
908 548
908 549
908 704
908 705
908 707
908 748
909 0
909 411
909 545
909 702
909 703
909 706
909 747
910 0
910 411
910 542
910 543
910 544
910 701
910 746
911 0
911 541
911 702
911 747
912 0
912 540
912 586
912 587
912 588
912 589
912 590
912 591
912 703
912 748
913 0
913 540
913 585
913 592
913 593
913 594
913 704
913 748
914 0
914 539
914 585
914 595
914 596
914 597
914 705
914 747
915 0
915 538
915 586
915 598
915 706
915 747
916 0
916 539
916 585
916 597
916 705
916 748
916 749
916 750
917 0
917 540
917 584
917 596
917 704
917 751
918 0
918 540
918 585
918 597
918 704
918 751
919 0
919 539
919 584
919 596
919 704
919 750
920 0
920 536
920 537
920 538
920 583
920 597
920 598
920 599
920 705
920 751
921 0
921 535
921 583
921 600
921 704
921 750
922 0
922 534
922 582
922 600
922 704
922 751
923 0
923 533
923 582
923 600
923 705
923 750
923 751
924 0
924 21
924 532
924 539
924 581
924 598
924 599
924 705
924 750
925 0
925 20
925 531
925 538
925 540
925 541
925 542
925 562
925 563
925 567
925 581
925 597
925 706
925 750
925 752
926 0
926 21
926 532
926 533
926 537
926 543
926 559
926 561
926 564
926 565
926 566
926 568
926 580
926 596
926 705
926 751
927 0
927 22
927 534
927 536
927 544
927 555
927 557
927 558
927 560
927 569
927 571
927 579
927 597
927 704
927 752
928 0
928 23
928 25
928 535
928 545
928 554
928 556
928 570
928 572
928 576
928 580
928 598
928 600
928 704
928 751
929 0
929 24
929 546
929 553
929 572
929 575
929 577
929 579
929 599
929 601
929 705
929 751
930 0
930 23
930 547
930 548
930 553
930 573
930 574
930 578
930 602
930 702
930 704
930 750
931 0
931 24
931 549
931 551
931 553
931 602
931 701
931 703
931 749
932 0
932 25
932 550
932 552
932 554
932 603
932 700
932 740
932 749
933 0
933 24
933 555
933 602
933 701
933 739
933 741
933 749
934 0
934 23
934 556
934 601
934 702
934 738
934 742
934 743
934 748
934 927
935 0
935 22
935 556
935 599
935 601
935 702
935 737
935 744
935 747
935 926
935 928
936 0
936 20
936 21
936 557
936 600
936 602
936 607
936 608
936 703
936 738
936 745
936 747
936 926
936 929
936 931
936 932
937 0
937 19
937 557
937 600
937 602
937 605
937 606
937 609
937 702
937 737
937 746
937 926
937 930
937 933
938 0
938 19
938 21
938 22
938 558
938 603
938 604
938 610
938 611
938 703
938 737
938 927
938 933
938 938
939 0
939 20
939 23
939 558
939 602
939 612
939 704
939 738
939 926
939 933
939 938
940 0
940 24
940 559
940 611
940 703
940 739
940 925
940 933
940 939
941 0
941 23
941 560
941 612
941 702
941 738
941 923
941 924
941 934
941 938
942 0
942 14
942 15
942 22
942 561
942 613
942 615
942 702
942 737
942 922
942 935
942 936
942 937
943 0
943 13
943 16
943 17
943 23
943 562
943 614
943 616
943 617
943 703
943 734
943 735
943 737
943 921
944 0
944 12
944 18
944 22
944 563
944 618
944 701
944 702
944 733
944 736
944 917
944 920
945 0
945 11
945 19
945 20
945 21
945 564
945 619
945 700
945 737
945 918
945 920
946 0
946 12
946 563
946 617
946 618
946 700
946 738
946 919
947 0
947 11
947 562
947 616
947 698
947 699
947 739
947 918
948 0
948 10
948 562
948 617
948 697
948 740
948 771
948 919
949 0
949 1
949 8
949 9
949 563
949 616
949 696
949 741
949 742
949 743
949 768
949 769
949 770
949 772
949 919
950 0
950 2
950 4
950 5
950 6
950 7
950 10
950 563
950 616
950 618
950 697
950 744
950 769
950 772
950 920
950 922
951 0
951 3
951 562
951 616
951 618
951 696
951 742
951 744
951 769
951 773
951 921
952 0
952 561
952 617
952 696
952 741
952 743
952 768
952 774
952 921
953 0
953 561
953 691
953 692
953 693
953 694
953 695
953 741
953 753
953 754
953 755
953 769
953 773
953 775
953 776
953 777
953 919
953 920
954 0
954 562
954 563
954 690
954 742
954 752
954 756
954 758
954 768
954 773
954 917
954 918
955 0
955 564
955 691
955 741
955 744
955 746
955 748
955 749
955 750
955 751
955 757
955 759
955 760
955 762
955 768
955 774
955 916
956 0
956 563
956 690
956 692
956 742
956 743
956 745
956 747
956 761
956 768
956 775
956 776
956 916
957 0
957 562
957 690
957 762
957 767
957 777
957 913
957 915
958 0
958 563
958 688
958 689
958 761
958 766
958 778
958 912
958 914
959 0
959 562
959 689
959 694
959 695
959 760
959 762
959 763
959 765
959 766
959 779
959 912
960 0
960 561
960 688
960 693
960 696
960 697
960 764
960 780
960 858
960 913
961 0
961 560
961 688
961 692
961 698
961 699
961 701
961 702
961 705
961 765
961 779
961 857
961 859
961 914
962 0
962 561
962 687
962 692
962 700
962 703
962 704
962 706
962 765
962 780
962 856
962 860
962 871
962 915
963 0
963 560
963 687
963 692
963 707
963 764
963 781
963 861
963 870
963 915
964 0
964 560
964 687
964 691
964 706
964 724
964 763
964 779
964 780
964 862
964 863
964 866
964 869
964 871
964 915
965 0
965 559
965 688
965 690
965 707
965 723
965 725
965 734
965 735
965 737
965 762
965 778
965 864
965 865
965 869
965 870
965 872
965 914
966 0
966 559
966 689
966 706
966 720
966 722
966 725
966 726
966 733
966 736
966 738
966 739
966 761
966 779
966 865
966 869
966 915
967 0
967 559
967 706
967 721
967 725
967 732
967 740
967 762
967 778
967 866
967 867
967 869
967 914
968 0
968 558
968 705
968 707
968 708
968 720
968 725
968 732
968 740
968 762
968 779
968 780
968 868
968 872
968 873
968 874
968 915
969 0
969 559
969 709
969 712
969 713
969 719
969 724
969 731
969 739
969 763
969 781
969 869
969 872
969 873
969 875
969 913
969 915
970 0
970 709
970 710
970 711
970 712
970 718
970 725
970 730
970 740
970 764
970 870
970 871
970 872
970 873
970 874
970 907
970 912
970 914
971 0
971 713
971 714
971 718
971 726
971 729
971 739
971 765
971 869
971 870
971 871
971 872
971 906
971 908
971 909
971 911
972 0
972 715
972 717
972 719
972 727
972 728
972 730
972 738
972 766
972 869
972 870
972 871
972 906
972 910
973 0
973 716
973 739
973 741
973 767
973 868
973 869
973 872
973 901
973 905
974 0
974 740
974 742
974 768
974 868
974 870
974 871
974 872
974 873
974 875
974 902
974 904
975 0
975 742
975 768
975 869
975 870
975 871
975 872
975 873
975 874
975 876
975 877
975 903
976 0
976 743
976 767
976 868
976 870
976 871
976 872
976 876
976 878
976 879
976 902
976 904
977 0
977 744
977 766
977 868
977 871
977 872
977 873
977 875
977 876
977 877
977 904
978 0
978 745
978 749
978 766
978 867
978 873
978 874
978 875
978 876
978 877
978 882
978 905
979 0
979 746
979 748
979 750
979 765
979 766
979 768
979 769
979 861
979 866
979 867
979 873
979 874
979 875
979 876
979 877
979 881
979 883
979 906
980 0
980 747
980 751
980 762
980 764
980 767
980 770
980 860
980 862
980 863
980 866
980 873
980 874
980 875
980 876
980 877
980 880
980 884
980 906
981 0
981 751
981 763
981 771
981 772
981 861
981 862
981 864
981 865
981 867
981 872
981 875
981 876
981 880
981 884
981 898
981 904
981 905
982 0
982 750
982 762
982 773
982 860
982 861
982 867
982 878
982 880
982 881
982 884
982 894
982 895
982 897
982 899
982 903
983 0
983 749
983 750
983 760
983 761
983 774
983 859
983 868
983 870
983 877
983 879
983 880
983 885
983 891
983 893
983 896
983 900
983 903
984 0
984 750
984 752
984 753
984 754
984 757
984 762
984 774
984 869
984 880
984 885
984 889
984 890
984 892
984 899
984 904
985 0
985 751
985 752
985 755
985 756
985 757
985 763
985 773
985 870
985 879
985 885
985 887
985 888
985 900
985 903
986 0
986 758
986 762
986 774
986 870
986 877
986 878
986 886
986 901
986 902
987 0
987 759
987 761
987 774
987 870
987 878
987 901
988 0
988 759
988 760
988 773
988 870
988 874
988 878
989 0
989 761
989 774
989 870
989 872
989 873
989 875
989 877
990 0
990 775
990 776
990 777
990 778
990 871
990 876
990 878
990 881
991 0
991 779
991 875
991 879
991 880
991 881
992 0
992 780
992 853
992 855
992 876
992 882
993 0
993 780
993 854
993 882
994 0
994 779
994 853
994 880
994 881
995 0
995 780
995 852
995 882
996 0
996 781
996 849
996 850
996 851
996 883
997 0
997 781
997 851
997 852
997 882
998 0
998 780
998 852
998 881
999 0
999 779
999 853
999 854
999 881
1000 0
1000 779
1000 852
1000 882
1000 885
1000 887
1000 891
1001 0
1001 778
1001 851
1001 883
1001 884
1001 886
1001 892
1001 894
1002 0
1002 777
1002 850
1002 887
1002 890
1002 891
1002 893
1003 0
1003 776
1003 851
1003 861
1003 863
1003 864
1003 888
1003 889
1003 891
1004 0
1004 776
1004 851
1004 860
1004 862
1004 888
1005 0
1005 776
1005 849
1005 850
1005 852
1005 857
1005 858
1005 859
1005 861
1005 888
1006 0
1006 777
1006 787
1006 834
1006 846
1006 847
1006 848
1006 850
1006 853
1006 857
1006 889
1007 0
1007 778
1007 779
1007 786
1007 788
1007 833
1007 835
1007 845
1007 847
1007 849
1007 853
1007 857
1007 890
1008 0
1008 780
1008 785
1008 788
1008 832
1008 836
1008 844
1008 852
1008 854
1008 857
1008 872
1008 889
1009 0
1009 781
1009 782
1009 784
1009 787
1009 832
1009 843
1009 855
1009 856
1009 865
1009 871
1009 873
1009 889
1010 0
1010 783
1010 786
1010 789
1010 797
1010 800
1010 811
1010 824
1010 833
1010 842
1010 844
1010 857
1010 864
1010 866
1010 867
1010 868
1010 870
1010 874
1010 885
1010 886
1010 888
1011 0
1011 787
1011 788
1011 796
1011 798
1011 799
1011 812
1011 823
1011 833
1011 840
1011 841
1011 856
1011 863
1011 866
1011 868
1011 869
1011 873
1011 884
1011 887
1011 889
1012 0
1012 786
1012 789
1012 791
1012 792
1012 795
1012 800
1012 801
1012 802
1012 804
1012 805
1012 812
1012 824
1012 834
1012 839
1012 856
1012 862
1012 866
1012 868
1012 872
1012 881
1012 882
1012 883
1012 884
1012 890
1013 0
1013 790
1013 793
1013 794
1013 801
1013 802
1013 803
1013 804
1013 805
1013 811
1013 812
1013 814
1013 824
1013 835
1013 839
1013 856
1013 863
1013 873
1013 879
1013 880
1013 884
1014 0
1014 801
1014 802
1014 803
1014 804
1014 805
1014 812
1014 813
1014 815
1014 825
1014 835
1014 839
1014 855
1014 857
1014 859
1014 861
1014 862
1014 873
1014 875
1014 878
1015 0
1015 801
1015 802
1015 803
1015 804
1015 805
1015 811
1015 813
1015 814
1015 826
1015 830
1015 834
1015 836
1015 838
1015 858
1015 860
1015 874
1015 876
1015 877
1016 0
1016 800
1016 801
1016 802
1016 803
1016 805
1016 806
1016 812
1016 814
1016 815
1016 824
1016 825
1016 826
1016 828
1016 829
1016 831
1016 833
1016 836
1016 837
1016 860
1017 0
1017 800
1017 801
1017 802
1017 803
1017 805
1017 806
1017 810
1017 811
1017 813
1017 815
1017 816
1017 820
1017 821
1017 823
1017 827
1017 832
1018 0
1018 798
1018 801
1018 802
1018 803
1018 804
1018 805
1018 806
1018 807
1018 809
1018 812
1018 815
1018 816
1018 817
1018 818
1018 819
1018 822
1018 827
1018 832
1019 0
1019 797
1019 799
1019 800
1019 801
1019 802
1019 803
1019 804
1019 805
1019 808
1019 815
1019 816
1020 0
1020 796
1020 798
1020 799
1020 801
1020 802
1020 803
1020 804
1020 805
1020 806
1020 807
1020 810
1020 811
1021 0
1021 799
1021 800
1021 801
1021 804
1021 805
1021 806
1021 807
1021 808
1021 810
1022 0
1022 798
1022 799
1022 800
1022 802
1022 803
1022 805
1022 806
1022 807
1022 808
1022 809
1023 0
