46207
46411
46062
46226
46105
46234
46308
46185
47053
46484
46602
46518
47185
46495
46630
47119
46697
47083
46917
46737
47006
47191
47431
47172
47382
47221
47792
47316
46981
47252
47603
47679
47551
47923
47922
47925
47940
47883
47882
48068
47996
48314
48330
48256
48368
48186
48105
48126
48661
48289
48342
48762
48486
48647
48617
48453
48365
48985
48793
48978
49076
48804
49506
49150
49147
49261
48974
49389
49150
49352
49493
49817
49214
49550
49418
49423
49689
49488
49215
49903
49914
49765
49433
49936
49824
49840
50063
50148
50241
49896
50358
50417
50411
50643
50341
50504
50851
50339
50685
51041
