120478
120849
120883
120974
121206
121427
121469
121630
121898
122105
122300
122297
122524
122715
122792
122960
123212
123480
123459
123618
123781
124086
124147
124327
124454
124799
124860
124954
125119
125632
125437
125602
125771
126016
126180
126267
126426
126692
126842
126927
127093
127346
127500
127711
127752
128021
128208
128254
128415
128595
128861
129024
129172
129250
129525
129576
129743
130019
130173
130328
130616
130685
130851
130909
131069
131324
131506
131674
131745
131993
132159
132241
132404
132788
132846
132931
133077
133267
133405
133574
133737
134035
134070
134239
134407
134631
134808
135031
135083
135396
135436
135589
135827
135910
136160
136257
136528
136686
136761
136914
