0.000000 0.000000 0.000000 0.000000 0.000000 0.000000 0.000000 0.000000 0.000000 0.000000 
0.006250 0.000000 0.000000 0.000000 0.000000 0.000000 0.000000 0.000000 0.000000 0.000000 
0.011914 0.000391 0.000000 0.000000 0.000000 0.000000 0.000000 0.000000 0.000000 0.000000 
0.017273 0.001086 0.000024 0.000000 0.000000 0.000000 0.000000 0.000000 0.000000 0.000000 
0.022361 0.002032 0.000089 0.000002 0.000000 0.000000 0.000000 0.000000 0.000000 0.000000 
0.027208 0.003181 0.000205 0.000007 0.000000 0.000000 0.000000 0.000000 0.000000 0.000000 
0.031838 0.004497 0.000379 0.000019 0.000001 0.000000 0.000000 0.000000 0.000000 0.000000 
0.036274 0.005948 0.000614 0.000040 0.000002 0.000000 0.000000 0.000000 0.000000 0.000000 
0.040534 0.007510 0.000911 0.000074 0.000004 0.000000 0.000000 0.000000 0.000000 0.000000 
0.044635 0.009162 0.001271 0.000122 0.000008 0.000000 0.000000 0.000000 0.000000 0.000000 
0.048591 0.010886 0.001693 0.000186 0.000015 0.000001 0.000000 0.000000 0.000000 0.000000 
0.052414 0.012668 0.002173 0.000270 0.000025 0.000002 0.000000 0.000000 0.000000 0.000000 
0.056116 0.014496 0.002710 0.000373 0.000038 0.000003 0.000000 0.000000 0.000000 0.000000 
0.059707 0.016360 0.003301 0.000499 0.000057 0.000005 0.000000 0.000000 0.000000 0.000000 
0.063194 0.018253 0.003942 0.000646 0.000081 0.000008 0.000001 0.000000 0.000000 0.000000 
0.066586 0.020168 0.004630 0.000817 0.000112 0.000012 0.000001 0.000000 0.000000 0.000000 
0.069889 0.022098 0.005363 0.001011 0.000150 0.000018 0.000002 0.000000 0.000000 0.000000 
0.073110 0.024039 0.006137 0.001229 0.000196 0.000025 0.000003 0.000000 0.000000 0.000000 
0.076253 0.025987 0.006949 0.001471 0.000249 0.000034 0.000004 0.000000 0.000000 0.000000 
0.079325 0.027939 0.007797 0.001737 0.000312 0.000046 0.000006 0.000001 0.000000 0.000000 
0.082329 0.029891 0.008677 0.002027 0.000385 0.000060 0.000008 0.000001 0.000000 0.000000 
0.085269 0.031843 0.009587 0.002340 0.000467 0.000077 0.000011 0.000001 0.000000 0.000000 
0.088149 0.033791 0.010525 0.002676 0.000560 0.000097 0.000014 0.000002 0.000000 0.000000 
0.090973 0.035734 0.011489 0.003034 0.000663 0.000121 0.000019 0.000002 0.000000 0.000000 
0.093744 0.037671 0.012476 0.003414 0.000777 0.000148 0.000024 0.000003 0.000000 0.000000 
0.096464 0.039601 0.013484 0.003816 0.000903 0.000180 0.000030 0.000004 0.000001 0.000000 
0.099136 0.041523 0.014512 0.004238 0.001040 0.000216 0.000038 0.000006 0.000001 0.000000 
0.101762 0.043435 0.015558 0.004680 0.001188 0.000256 0.000047 0.000007 0.000001 0.000000 
0.104345 0.045338 0.016621 0.005142 0.001348 0.000301 0.000058 0.000010 0.000001 0.000000 
0.106886 0.047231 0.017698 0.005622 0.001520 0.000352 0.000070 0.000012 0.000002 0.000000 
0.109388 0.049114 0.018789 0.006121 0.001703 0.000407 0.000084 0.000015 0.000002 0.000000 
0.111852 0.050986 0.019893 0.006636 0.001898 0.000468 0.000100 0.000019 0.000003 0.000000 
0.114280 0.052847 0.021007 0.007169 0.002105 0.000534 0.000118 0.000023 0.000004 0.000000 
0.116673 0.054696 0.022132 0.007717 0.002323 0.000606 0.000138 0.000027 0.000005 0.000000 
0.119033 0.056534 0.023267 0.008281 0.002553 0.000684 0.000160 0.000033 0.000006 0.000000 
0.121361 0.058361 0.024409 0.008860 0.002794 0.000768 0.000185 0.000039 0.000007 0.000000 
0.123658 0.060177 0.025559 0.009452 0.003047 0.000859 0.000212 0.000046 0.000009 0.000000 
0.125926 0.061981 0.026716 0.010059 0.003310 0.000955 0.000242 0.000054 0.000011 0.000000 
0.128165 0.063773 0.027879 0.010678 0.003585 0.001058 0.000275 0.000063 0.000013 0.000000 
0.130378 0.065555 0.029048 0.011310 0.003870 0.001167 0.000311 0.000073 0.000015 0.000000 
0.132563 0.067324 0.030221 0.011953 0.004166 0.001282 0.000349 0.000085 0.000018 0.000000 
0.134724 0.069083 0.031398 0.012608 0.004473 0.001404 0.000391 0.000097 0.000021 0.000000 
0.136859 0.070830 0.032579 0.013274 0.004789 0.001533 0.000436 0.000111 0.000024 0.000000 
0.138971 0.072566 0.033763 0.013951 0.005116 0.001668 0.000484 0.000126 0.000028 0.000000 
0.141060 0.074291 0.034950 0.014637 0.005453 0.001809 0.000536 0.000142 0.000032 0.000000 
0.143127 0.076005 0.036139 0.015332 0.005799 0.001957 0.000591 0.000160 0.000037 0.000000 
0.145172 0.077709 0.037330 0.016037 0.006155 0.002112 0.000649 0.000179 0.000043 0.000000 
0.147196 0.079402 0.038523 0.016750 0.006520 0.002273 0.000711 0.000200 0.000048 0.000000 
0.149200 0.081084 0.039717 0.017472 0.006894 0.002441 0.000777 0.000222 0.000055 0.000000 
0.151184 0.082756 0.040912 0.018201 0.007277 0.002615 0.000846 0.000247 0.000062 0.000000 
0.153149 0.084417 0.042108 0.018937 0.007668 0.002796 0.000919 0.000272 0.000070 0.000000 
0.155096 0.086069 0.043304 0.019681 0.008068 0.002983 0.000996 0.000300 0.000078 0.000000 
0.157024 0.087710 0.044501 0.020432 0.008476 0.003177 0.001077 0.000330 0.000087 0.000000 
0.158936 0.089342 0.045697 0.021189 0.008892 0.003377 0.001161 0.000361 0.000097 0.000000 
0.160830 0.090963 0.046893 0.021952 0.009316 0.003583 0.001250 0.000395 0.000107 0.000000 
0.162707 0.092576 0.048089 0.022721 0.009747 0.003796 0.001342 0.000430 0.000118 0.000000 
0.164569 0.094178 0.049284 0.023496 0.010186 0.004014 0.001439 0.000468 0.000131 0.000000 
0.166414 0.095772 0.050478 0.024276 0.010632 0.004239 0.001539 0.000507 0.000143 0.000000 
0.168245 0.097356 0.051671 0.025061 0.011085 0.004470 0.001643 0.000549 0.000157 0.000000 
0.170060 0.098931 0.052863 0.025850 0.011545 0.004707 0.001752 0.000593 0.000172 0.000000 
0.171861 0.100498 0.054054 0.026645 0.012012 0.004949 0.001864 0.000639 0.000187 0.000000 
0.173648 0.102055 0.055244 0.027443 0.012485 0.005198 0.001980 0.000687 0.000204 0.000000 
0.175421 0.103604 0.056432 0.028246 0.012965 0.005452 0.002100 0.000738 0.000221 0.000000 
0.177181 0.105144 0.057619 0.029052 0.013450 0.005712 0.002225 0.000791 0.000240 0.000000 
0.178927 0.106676 0.058804 0.029863 0.013942 0.005978 0.002353 0.000846 0.000259 0.000000 
0.180660 0.108200 0.059987 0.030676 0.014439 0.006249 0.002485 0.000904 0.000280 0.000000 
0.182381 0.109715 0.061168 0.031493 0.014942 0.006526 0.002622 0.000963 0.000301 0.000000 
0.184090 0.111223 0.062348 0.032314 0.015450 0.006808 0.002762 0.001026 0.000324 0.000000 
0.185787 0.112722 0.063525 0.033137 0.015964 0.007095 0.002906 0.001090 0.000347 0.000000 
0.187471 0.114214 0.064701 0.033963 0.016483 0.007388 0.003055 0.001157 0.000372 0.000000 
0.189145 0.115698 0.065874 0.034791 0.017007 0.007685 0.003207 0.001227 0.000398 0.000000 
0.190807 0.117174 0.067046 0.035623 0.017536 0.007988 0.003363 0.001299 0.000425 0.000000 
0.192458 0.118643 0.068215 0.036456 0.018070 0.008296 0.003523 0.001373 0.000453 0.000000 
0.194099 0.120105 0.069382 0.037292 0.018608 0.008608 0.003687 0.001450 0.000482 0.000000 
0.195729 0.121559 0.070546 0.038130 0.019151 0.008926 0.003855 0.001529 0.000513 0.000000 
0.197348 0.123007 0.071708 0.038970 0.019698 0.009248 0.004026 0.001611 0.000544 0.000000 
0.198958 0.124447 0.072868 0.039811 0.020249 0.009575 0.004202 0.001695 0.000577 0.000000 
0.200558 0.125880 0.074026 0.040655 0.020805 0.009906 0.004381 0.001782 0.000611 0.000000 
0.202147 0.127307 0.075181 0.041500 0.021364 0.010242 0.004564 0.001871 0.000646 0.000000 
0.203728 0.128726 0.076334 0.042346 0.021927 0.010582 0.004750 0.001963 0.000682 0.000000 
0.205299 0.130139 0.077484 0.043194 0.022495 0.010927 0.004941 0.002057 0.000719 0.000000 
0.206861 0.131546 0.078632 0.044044 0.023065 0.011276 0.005135 0.002154 0.000758 0.000000 
0.208414 0.132946 0.079777 0.044894 0.023640 0.011629 0.005332 0.002253 0.000798 0.000000 
0.209958 0.134340 0.080920 0.045746 0.024217 0.011986 0.005533 0.002354 0.000839 0.000000 
0.211494 0.135727 0.082061 0.046599 0.024798 0.012347 0.005738 0.002458 0.000881 0.000000 
0.213021 0.137108 0.083198 0.047453 0.025383 0.012712 0.005946 0.002565 0.000925 0.000000 
0.214540 0.138484 0.084334 0.048308 0.025970 0.013081 0.006158 0.002674 0.000969 0.000000 
0.216051 0.139853 0.085466 0.049163 0.026561 0.013454 0.006372 0.002785 0.001015 0.000000 
0.217554 0.141216 0.086597 0.050019 0.027154 0.013831 0.006591 0.002898 0.001063 0.000000 
0.219049 0.142573 0.087724 0.050876 0.027751 0.014211 0.006813 0.003014 0.001111 0.000000 
0.220536 0.143925 0.088849 0.051734 0.028350 0.014595 0.007038 0.003133 0.001160 0.000000 
0.222015 0.145271 0.089972 0.052592 0.028952 0.014982 0.007266 0.003254 0.001211 0.000000 
0.223487 0.146611 0.091092 0.053451 0.029556 0.015373 0.007497 0.003377 0.001263 0.000000 
0.224952 0.147946 0.092209 0.054310 0.030163 0.015767 0.007732 0.003502 0.001316 0.000000 
0.226409 0.149275 0.093324 0.055170 0.030772 0.016165 0.007970 0.003630 0.001371 0.000000 
0.227860 0.150599 0.094436 0.056029 0.031384 0.016565 0.008211 0.003760 0.001426 0.000000 
0.229303 0.151918 0.095546 0.056889 0.031998 0.016969 0.008455 0.003892 0.001483 0.000000 
0.230740 0.153231 0.096653 0.057750 0.032615 0.017377 0.008702 0.004027 0.001541 0.000000 
0.232170 0.154539 0.097758 0.058610 0.033233 0.017787 0.008952 0.004164 0.001600 0.000000 
0.233593 0.155842 0.098860 0.059471 0.033854 0.018200 0.009205 0.004303 0.001660 0.000000 
0.235010 0.157141 0.099960 0.060332 0.034477 0.018616 0.009461 0.004444 0.001722 0.000000 
0.236420 0.158434 0.101057 0.061193 0.035101 0.019035 0.009719 0.004587 0.001784 0.000000 
0.237824 0.159722 0.102151 0.062053 0.035728 0.019457 0.009981 0.004733 0.001848 0.000000 
0.239221 0.161005 0.103243 0.062914 0.036356 0.019882 0.010245 0.004881 0.001913 0.000000 
0.240613 0.162283 0.104333 0.063775 0.036987 0.020309 0.010512 0.005030 0.001979 0.000000 
0.241998 0.163557 0.105420 0.064635 0.037618 0.020739 0.010782 0.005182 0.002046 0.000000 
0.243378 0.164826 0.106504 0.065496 0.038252 0.021172 0.011054 0.005336 0.002114 0.000000 
0.244751 0.166090 0.107586 0.066356 0.038887 0.021607 0.011329 0.005492 0.002183 0.000000 
0.246119 0.167350 0.108666 0.067216 0.039524 0.022045 0.011607 0.005650 0.002253 0.000000 
0.247481 0.168605 0.109743 0.068076 0.040162 0.022485 0.011887 0.005810 0.002325 0.000000 
0.248838 0.169856 0.110818 0.068936 0.040802 0.022927 0.012169 0.005972 0.002397 0.000000 
0.250189 0.171103 0.111890 0.069795 0.041443 0.023372 0.012454 0.006136 0.002471 0.000000 
0.251534 0.172345 0.112960 0.070654 0.042086 0.023819 0.012742 0.006302 0.002546 0.000000 
0.252874 0.173583 0.114027 0.071513 0.042730 0.024268 0.013032 0.006470 0.002621 0.000000 
0.254209 0.174816 0.115092 0.072371 0.043375 0.024720 0.013324 0.006639 0.002698 0.000000 
0.255539 0.176045 0.116155 0.073229 0.044021 0.025174 0.013618 0.006811 0.002776 0.000000 
0.256863 0.177271 0.117215 0.074086 0.044669 0.025629 0.013915 0.006984 0.002854 0.000000 
0.258182 0.178492 0.118273 0.074943 0.045317 0.026087 0.014214 0.007159 0.002934 0.000000 
0.259496 0.179709 0.119329 0.075800 0.045967 0.026547 0.014515 0.007336 0.003015 0.000000 
0.260806 0.180922 0.120382 0.076656 0.046618 0.027009 0.014818 0.007515 0.003096 0.000000 
0.262110 0.182131 0.121433 0.077511 0.047270 0.027472 0.015124 0.007695 0.003179 0.000000 
0.263410 0.183336 0.122481 0.078366 0.047922 0.027938 0.015431 0.007877 0.003263 0.000000 
0.264704 0.184537 0.123528 0.079221 0.048576 0.028405 0.015741 0.008061 0.003347 0.000000 
0.265994 0.185734 0.124571 0.080075 0.049231 0.028874 0.016052 0.008246 0.003432 0.000000 
0.267280 0.186928 0.125613 0.080928 0.049886 0.029345 0.016366 0.008433 0.003519 0.000000 
0.268560 0.188118 0.126652 0.081781 0.050542 0.029818 0.016681 0.008622 0.003606 0.000000 
0.269836 0.189304 0.127689 0.082633 0.051200 0.030292 0.016999 0.008812 0.003694 0.000000 
0.271108 0.190486 0.128724 0.083484 0.051857 0.030768 0.017318 0.009004 0.003783 0.000000 
0.272375 0.191665 0.129757 0.084335 0.052516 0.031245 0.017639 0.009197 0.003873 0.000000 
0.273638 0.192840 0.130787 0.085185 0.053175 0.031724 0.017962 0.009392 0.003964 0.000000 
0.274897 0.194012 0.131815 0.086035 0.053835 0.032205 0.018286 0.009588 0.004055 0.000000 
0.276151 0.195180 0.132841 0.086884 0.054496 0.032687 0.018612 0.009786 0.004148 0.000000 
0.277401 0.196344 0.133865 0.087732 0.055157 0.033170 0.018940 0.009985 0.004241 0.000000 
0.278647 0.197505 0.134887 0.088579 0.055819 0.033655 0.019270 0.010186 0.004335 0.000000 
0.279888 0.198663 0.135906 0.089426 0.056481 0.034141 0.019601 0.010388 0.004430 0.000000 
0.281126 0.199817 0.136924 0.090272 0.057144 0.034629 0.019934 0.010591 0.004525 0.000000 
0.282360 0.200968 0.137939 0.091117 0.057807 0.035118 0.020269 0.010796 0.004621 0.000000 
0.283589 0.202116 0.138952 0.091962 0.058471 0.035608 0.020605 0.011002 0.004719 0.000000 
0.284815 0.203260 0.139963 0.092805 0.059135 0.036099 0.020942 0.011210 0.004816 0.000000 
0.286036 0.204401 0.140971 0.093648 0.059800 0.036591 0.021281 0.011418 0.004915 0.000000 
0.287254 0.205539 0.141978 0.094490 0.060465 0.037085 0.021622 0.011628 0.005014 0.000000 
0.288468 0.206674 0.142983 0.095332 0.061130 0.037580 0.021964 0.011840 0.005114 0.000000 
0.289678 0.207805 0.143985 0.096172 0.061796 0.038076 0.022307 0.012052 0.005215 0.000000 
0.290884 0.208933 0.144986 0.097012 0.062462 0.038573 0.022652 0.012266 0.005316 0.000000 
0.292087 0.210059 0.145984 0.097851 0.063128 0.039071 0.022997 0.012480 0.005418 0.000000 
0.293286 0.211181 0.146980 0.098689 0.063795 0.039570 0.023345 0.012696 0.005521 0.000000 
0.294481 0.212300 0.147975 0.099526 0.064462 0.040070 0.023693 0.012913 0.005624 0.000000 
0.295673 0.213416 0.148967 0.100363 0.065129 0.040571 0.024043 0.013132 0.005729 0.000000 
0.296861 0.214529 0.149957 0.101199 0.065796 0.041073 0.024394 0.013351 0.005833 0.000000 
0.298046 0.215639 0.150946 0.102033 0.066463 0.041575 0.024746 0.013571 0.005938 0.000000 
0.299227 0.216746 0.151932 0.102867 0.067131 0.042079 0.025100 0.013793 0.006044 0.000000 
0.300404 0.217850 0.152916 0.103700 0.067799 0.042584 0.025454 0.014015 0.006151 0.000000 
0.301579 0.218951 0.153899 0.104532 0.068467 0.043089 0.025810 0.014238 0.006258 0.000000 
0.302749 0.220050 0.154879 0.105364 0.069135 0.043595 0.026167 0.014463 0.006366 0.000000 
0.303917 0.221145 0.155857 0.106194 0.069803 0.044102 0.026524 0.014688 0.006474 0.000000 
0.305081 0.222238 0.156834 0.107024 0.070471 0.044610 0.026883 0.014915 0.006583 0.000000 
0.306242 0.223328 0.157809 0.107852 0.071139 0.045118 0.027243 0.015142 0.006692 0.000000 
0.307399 0.224415 0.158781 0.108680 0.071807 0.045627 0.027604 0.015370 0.006802 0.000000 
0.308553 0.225500 0.159752 0.109507 0.072476 0.046137 0.027966 0.015599 0.006912 0.000000 
0.309704 0.226581 0.160721 0.110333 0.073144 0.046648 0.028329 0.015829 0.007023 0.000000 
0.310852 0.227660 0.161688 0.111158 0.073812 0.047159 0.028692 0.016060 0.007135 0.000000 
0.311997 0.228736 0.162653 0.111982 0.074480 0.047670 0.029057 0.016292 0.007247 0.000000 
0.313138 0.229810 0.163616 0.112805 0.075149 0.048183 0.029422 0.016524 0.007359 0.000000 
0.314277 0.230881 0.164578 0.113627 0.075817 0.048695 0.029789 0.016758 0.007472 0.000000 
0.315412 0.231949 0.165537 0.114448 0.076485 0.049209 0.030156 0.016992 0.007585 0.000000 
0.316544 0.233015 0.166495 0.115269 0.077153 0.049723 0.030524 0.017227 0.007699 0.000000 
0.317673 0.234078 0.167451 0.116088 0.077821 0.050237 0.030893 0.017462 0.007813 0.000000 
0.318800 0.235138 0.168405 0.116906 0.078488 0.050752 0.031262 0.017699 0.007928 0.000000 
0.319923 0.236196 0.169357 0.117724 0.079156 0.051268 0.031633 0.017936 0.008043 0.000000 
0.321043 0.237252 0.170307 0.118541 0.079823 0.051783 0.032004 0.018173 0.008159 0.000000 
0.322160 0.238305 0.171256 0.119356 0.080491 0.052300 0.032376 0.018412 0.008275 0.000000 
0.323275 0.239355 0.172203 0.120171 0.081158 0.052816 0.032748 0.018651 0.008391 0.000000 
0.324386 0.240403 0.173148 0.120984 0.081825 0.053334 0.033121 0.018891 0.008508 0.000000 
0.325495 0.241449 0.174091 0.121797 0.082492 0.053851 0.033495 0.019131 0.008625 0.000000 
0.326601 0.242492 0.175033 0.122609 0.083158 0.054369 0.033870 0.019372 0.008743 0.000000 
0.327704 0.243532 0.175972 0.123420 0.083825 0.054887 0.034245 0.019614 0.008861 0.000000 
0.328804 0.244570 0.176910 0.124230 0.084491 0.055405 0.034621 0.019857 0.008979 0.000000 
0.329901 0.245606 0.177846 0.125038 0.085157 0.055924 0.034997 0.020099 0.009098 0.000000 
0.330996 0.246640 0.178781 0.125846 0.085822 0.056443 0.035374 0.020343 0.009217 0.000000 
0.332088 0.247671 0.179714 0.126653 0.086487 0.056963 0.035751 0.020587 0.009336 0.000000 
0.333177 0.248700 0.180645 0.127459 0.087153 0.057482 0.036129 0.020832 0.009456 0.000000 
0.334263 0.249726 0.181574 0.128264 0.087817 0.058002 0.036508 0.021077 0.009576 0.000000 
0.335347 0.250750 0.182502 0.129068 0.088482 0.058522 0.036887 0.021322 0.009696 0.000000 
0.336428 0.251772 0.183428 0.129871 0.089146 0.059042 0.037266 0.021568 0.009817 0.000000 
0.337507 0.252791 0.184352 0.130673 0.089810 0.059563 0.037646 0.021815 0.009938 0.000000 
0.338583 0.253809 0.185274 0.131474 0.090473 0.060083 0.038026 0.022062 0.010059 0.000000 
0.339656 0.254824 0.186195 0.132274 0.091136 0.060604 0.038407 0.022310 0.010180 0.000000 
0.340727 0.255836 0.187114 0.133073 0.091799 0.061125 0.038788 0.022558 0.010302 0.000000 
0.341795 0.256847 0.188032 0.133871 0.092462 0.061646 0.039170 0.022806 0.010424 0.000000 
0.342860 0.257855 0.188948 0.134668 0.093124 0.062167 0.039552 0.023055 0.010547 0.000000 
0.343923 0.258861 0.189862 0.135464 0.093786 0.062689 0.039934 0.023304 0.010669 0.000000 
0.344984 0.259865 0.190775 0.136259 0.094447 0.063210 0.040317 0.023554 0.010792 0.000000 
0.346042 0.260867 0.191686 0.137053 0.095108 0.063732 0.040700 0.023804 0.010915 0.000000 
0.347098 0.261867 0.192595 0.137846 0.095768 0.064253 0.041084 0.024055 0.011039 0.000000 
0.348151 0.262864 0.193503 0.138638 0.096429 0.064775 0.041467 0.024305 0.011162 0.000000 
0.349201 0.263859 0.194409 0.139429 0.097088 0.065296 0.041852 0.024557 0.011286 0.000000 
0.350249 0.264853 0.195313 0.140219 0.097748 0.065818 0.042236 0.024808 0.011410 0.000000 
0.351295 0.265844 0.196216 0.141008 0.098406 0.066340 0.042621 0.025060 0.011534 0.000000 
0.352339 0.266833 0.197117 0.141796 0.099065 0.066862 0.043005 0.025312 0.011659 0.000000 
0.353380 0.267820 0.198017 0.142583 0.099723 0.067383 0.043391 0.025565 0.011783 0.000000 
0.354418 0.268804 0.198915 0.143368 0.100380 0.067905 0.043776 0.025817 0.011908 0.000000 
0.355454 0.269787 0.199811 0.144153 0.101037 0.068427 0.044162 0.026070 0.012033 0.000000 
0.356488 0.270768 0.200706 0.144937 0.101694 0.068948 0.044548 0.026324 0.012159 0.000000 
0.357520 0.271746 0.201599 0.145720 0.102350 0.069470 0.044934 0.026578 0.012284 0.000000 
0.358549 0.272723 0.202491 0.146502 0.103006 0.069991 0.045320 0.026831 0.012410 0.000000 
0.359576 0.273698 0.203381 0.147283 0.103661 0.070513 0.045706 0.027086 0.012535 0.000000 
0.360601 0.274670 0.204270 0.148062 0.104315 0.071034 0.046093 0.027340 0.012661 0.000000 
0.361623 0.275641 0.205157 0.148841 0.104969 0.071555 0.046480 0.027595 0.012787 0.000000 
0.362643 0.276610 0.206042 0.149619 0.105623 0.072076 0.046867 0.027849 0.012914 0.000000 
0.363661 0.277576 0.206926 0.150396 0.106276 0.072598 0.047254 0.028105 0.013040 0.000000 
0.364677 0.278541 0.207809 0.151171 0.106929 0.073118 0.047641 0.028360 0.013167 0.000000 
0.365690 0.279504 0.208690 0.151946 0.107581 0.073639 0.048028 0.028615 0.013293 0.000000 
0.366701 0.280464 0.209569 0.152720 0.108232 0.074160 0.048416 0.028871 0.013420 0.000000 
0.367710 0.281423 0.210447 0.153492 0.108883 0.074680 0.048803 0.029127 0.013547 0.000000 
0.368717 0.282380 0.211323 0.154264 0.109534 0.075201 0.049191 0.029383 0.013674 0.000000 
0.369721 0.283335 0.212198 0.155035 0.110183 0.075721 0.049578 0.029639 0.013801 0.000000 
0.370724 0.284288 0.213072 0.155804 0.110833 0.076241 0.049966 0.029895 0.013928 0.000000 
0.371724 0.285239 0.213943 0.156573 0.111481 0.076761 0.050354 0.030152 0.014056 0.000000 
0.372722 0.286189 0.214814 0.157340 0.112130 0.077280 0.050742 0.030408 0.014183 0.000000 
0.373718 0.287136 0.215683 0.158107 0.112777 0.077800 0.051129 0.030665 0.014311 0.000000 
0.374712 0.288082 0.216550 0.158872 0.113424 0.078319 0.051517 0.030922 0.014439 0.000000 
0.375704 0.289025 0.217416 0.159636 0.114071 0.078838 0.051905 0.031179 0.014566 0.000000 
0.376694 0.289967 0.218280 0.160400 0.114716 0.079357 0.052293 0.031436 0.014694 0.000000 
0.377681 0.290907 0.219143 0.161162 0.115362 0.079875 0.052681 0.031693 0.014822 0.000000 
0.378667 0.291845 0.220004 0.161923 0.116006 0.080393 0.053069 0.031951 0.014950 0.000000 
0.379650 0.292782 0.220864 0.162684 0.116650 0.080911 0.053457 0.032208 0.015078 0.000000 
0.380632 0.293716 0.221723 0.163443 0.117294 0.081429 0.053845 0.032465 0.015207 0.000000 
0.381611 0.294649 0.222580 0.164201 0.117936 0.081947 0.054232 0.032723 0.015335 0.000000 
0.382588 0.295580 0.223436 0.164958 0.118579 0.082464 0.054620 0.032981 0.015463 0.000000 
0.383564 0.296509 0.224290 0.165714 0.119220 0.082981 0.055008 0.033238 0.015592 0.000000 
0.384537 0.297436 0.225142 0.166469 0.119861 0.083498 0.055396 0.033496 0.015720 0.000000 
0.385508 0.298361 0.225994 0.167223 0.120501 0.084014 0.055783 0.033754 0.015849 0.000000 
0.386477 0.299285 0.226844 0.167976 0.121141 0.084530 0.056171 0.034011 0.015977 0.000000 
0.387445 0.300207 0.227692 0.168728 0.121780 0.085046 0.056558 0.034269 0.016106 0.000000 
0.388410 0.301127 0.228539 0.169479 0.122418 0.085561 0.056946 0.034527 0.016234 0.000000 
0.389373 0.302046 0.229384 0.170229 0.123056 0.086076 0.057333 0.034785 0.016363 0.000000 
0.390335 0.302962 0.230229 0.170978 0.123693 0.086591 0.057720 0.035043 0.016492 0.000000 
0.391294 0.303877 0.231071 0.171726 0.124330 0.087106 0.058107 0.035301 0.016620 0.000000 
0.392251 0.304790 0.231913 0.172473 0.124965 0.087620 0.058494 0.035559 0.016749 0.000000 
0.393207 0.305702 0.232752 0.173219 0.125601 0.088133 0.058881 0.035817 0.016878 0.000000 
0.394161 0.306612 0.233591 0.173963 0.126235 0.088647 0.059268 0.036074 0.017007 0.000000 
0.395112 0.307520 0.234428 0.174707 0.126869 0.089160 0.059654 0.036332 0.017136 0.000000 
0.396062 0.308426 0.235264 0.175450 0.127502 0.089673 0.060041 0.036590 0.017264 0.000000 
0.397010 0.309330 0.236098 0.176191 0.128134 0.090185 0.060427 0.036848 0.017393 0.000000 
0.397956 0.310233 0.236931 0.176932 0.128766 0.090697 0.060813 0.037106 0.017522 0.000000 
0.398900 0.311135 0.237762 0.177671 0.129397 0.091209 0.061199 0.037363 0.017651 0.000000 
0.399842 0.312034 0.238592 0.178410 0.130027 0.091720 0.061585 0.037621 0.017780 0.000000 
0.400783 0.312932 0.239421 0.179147 0.130657 0.092231 0.061971 0.037879 0.017909 0.000000 
0.401721 0.313828 0.240248 0.179884 0.131286 0.092741 0.062356 0.038136 0.018037 0.000000 
0.402658 0.314723 0.241074 0.180619 0.131914 0.093251 0.062742 0.038394 0.018166 0.000000 
0.403593 0.315616 0.241899 0.181354 0.132542 0.093761 0.063127 0.038651 0.018295 0.000000 
0.404526 0.316507 0.242722 0.182087 0.133169 0.094270 0.063512 0.038909 0.018424 0.000000 
0.405457 0.317397 0.243544 0.182819 0.133795 0.094779 0.063896 0.039166 0.018553 0.000000 
0.406386 0.318285 0.244365 0.183551 0.134421 0.095287 0.064281 0.039424 0.018682 0.000000 
0.407314 0.319171 0.245184 0.184281 0.135045 0.095795 0.064665 0.039681 0.018810 0.000000 
0.408239 0.320056 0.246001 0.185010 0.135669 0.096303 0.065049 0.039938 0.018939 0.000000 
0.409163 0.320939 0.246818 0.185738 0.136293 0.096810 0.065433 0.040195 0.019068 0.000000 
0.410085 0.321820 0.247633 0.186465 0.136915 0.097316 0.065817 0.040452 0.019197 0.000000 
0.411006 0.322700 0.248447 0.187191 0.137537 0.097823 0.066200 0.040709 0.019325 0.000000 
0.411924 0.323578 0.249259 0.187917 0.138159 0.098328 0.066583 0.040965 0.019454 0.000000 
0.412841 0.324455 0.250070 0.188641 0.138779 0.098834 0.066966 0.041222 0.019582 0.000000 
0.413756 0.325330 0.250880 0.189364 0.139399 0.099339 0.067349 0.041479 0.019711 0.000000 
0.414669 0.326204 0.251688 0.190086 0.140018 0.099843 0.067731 0.041735 0.019840 0.000000 
0.415581 0.327075 0.252495 0.190806 0.140636 0.100347 0.068114 0.041991 0.019968 0.000000 
0.416490 0.327946 0.253301 0.191526 0.141254 0.100850 0.068496 0.042248 0.020097 0.000000 
0.417398 0.328815 0.254105 0.192245 0.141871 0.101353 0.068877 0.042504 0.020225 0.000000 
0.418305 0.329682 0.254908 0.192963 0.142487 0.101856 0.069259 0.042760 0.020353 0.000000 
0.419209 0.330547 0.255710 0.193680 0.143102 0.102358 0.069640 0.043015 0.020482 0.000000 
0.420112 0.331411 0.256511 0.194396 0.143717 0.102860 0.070021 0.043271 0.020610 0.000000 
0.421013 0.332274 0.257310 0.195110 0.144331 0.103361 0.070401 0.043527 0.020738 0.000000 
0.421913 0.333135 0.258108 0.195824 0.144944 0.103861 0.070782 0.043782 0.020866 0.000000 
0.422810 0.333994 0.258904 0.196537 0.145556 0.104362 0.071162 0.044037 0.020994 0.000000 
0.423706 0.334852 0.259699 0.197248 0.146168 0.104861 0.071541 0.044292 0.021122 0.000000 
0.424601 0.335708 0.260493 0.197959 0.146779 0.105360 0.071921 0.044547 0.021250 0.000000 
0.425493 0.336563 0.261286 0.198669 0.147389 0.105859 0.072300 0.044802 0.021378 0.000000 
0.426384 0.337416 0.262077 0.199377 0.147998 0.106357 0.072679 0.045057 0.021506 0.000000 
0.427273 0.338268 0.262867 0.200085 0.148607 0.106855 0.073057 0.045311 0.021634 0.000000 
0.428161 0.339118 0.263656 0.200791 0.149215 0.107352 0.073435 0.045565 0.021762 0.000000 
0.429047 0.339967 0.264443 0.201497 0.149822 0.107849 0.073813 0.045820 0.021889 0.000000 
0.429931 0.340814 0.265229 0.202201 0.150428 0.108345 0.074191 0.046074 0.022017 0.000000 
0.430814 0.341660 0.266014 0.202905 0.151034 0.108840 0.074568 0.046327 0.022144 0.000000 
0.431695 0.342504 0.266798 0.203607 0.151639 0.109335 0.074945 0.046581 0.022272 0.000000 
0.432574 0.343347 0.267580 0.204308 0.152243 0.109830 0.075322 0.046834 0.022399 0.000000 
0.433452 0.344188 0.268361 0.205009 0.152846 0.110324 0.075698 0.047088 0.022526 0.000000 
0.434328 0.345028 0.269141 0.205708 0.153449 0.110818 0.076074 0.047341 0.022654 0.000000 
0.435202 0.345866 0.269919 0.206406 0.154050 0.111310 0.076450 0.047594 0.022781 0.000000 
0.436075 0.346703 0.270696 0.207104 0.154651 0.111803 0.076825 0.047846 0.022908 0.000000 
0.436947 0.347538 0.271472 0.207800 0.155252 0.112295 0.077200 0.048099 0.023035 0.000000 
0.437816 0.348372 0.272247 0.208495 0.155851 0.112786 0.077575 0.048351 0.023161 0.000000 
0.438684 0.349205 0.273020 0.209189 0.156450 0.113277 0.077949 0.048603 0.023288 0.000000 
0.439551 0.350036 0.273792 0.209883 0.157048 0.113767 0.078323 0.048855 0.023415 0.000000 
0.440415 0.350865 0.274563 0.210575 0.157645 0.114257 0.078696 0.049107 0.023541 0.000000 
0.441279 0.351693 0.275333 0.211266 0.158241 0.114746 0.079069 0.049358 0.023668 0.000000 
0.442140 0.352520 0.276101 0.211956 0.158837 0.115235 0.079442 0.049610 0.023794 0.000000 
0.443000 0.353345 0.276868 0.212645 0.159432 0.115723 0.079815 0.049861 0.023921 0.000000 
0.443859 0.354169 0.277634 0.213333 0.160026 0.116210 0.080187 0.050112 0.024047 0.000000 
0.444716 0.354991 0.278399 0.214020 0.160619 0.116697 0.080559 0.050362 0.024173 0.000000 
0.445571 0.355812 0.279162 0.214706 0.161211 0.117184 0.080930 0.050613 0.024299 0.000000 
0.446425 0.356631 0.279924 0.215391 0.161803 0.117670 0.081301 0.050863 0.024425 0.000000 
0.447277 0.357449 0.280685 0.216075 0.162394 0.118155 0.081672 0.051113 0.024551 0.000000 
0.448128 0.358265 0.281445 0.216758 0.162984 0.118640 0.082042 0.051363 0.024676 0.000000 
0.448977 0.359081 0.282203 0.217440 0.163574 0.119124 0.082412 0.051612 0.024802 0.000000 
0.449825 0.359894 0.282960 0.218121 0.164162 0.119608 0.082781 0.051862 0.024928 0.000000 
0.450671 0.360707 0.283716 0.218801 0.164750 0.120091 0.083151 0.052111 0.025053 0.000000 
0.451515 0.361517 0.284471 0.219480 0.165337 0.120573 0.083519 0.052360 0.025178 0.000000 
0.452358 0.362327 0.285224 0.220158 0.165923 0.121055 0.083888 0.052608 0.025303 0.000000 
0.453200 0.363135 0.285977 0.220835 0.166509 0.121536 0.084256 0.052857 0.025429 0.000000 
0.454040 0.363942 0.286728 0.221511 0.167093 0.122017 0.084623 0.053105 0.025554 0.000000 
0.454878 0.364747 0.287478 0.222186 0.167677 0.122497 0.084991 0.053353 0.025678 0.000000 
0.455715 0.365551 0.288226 0.222860 0.168260 0.122977 0.085357 0.053601 0.025803 0.000000 
0.456551 0.366353 0.288974 0.223533 0.168842 0.123456 0.085724 0.053848 0.025928 0.000000 
0.457385 0.367154 0.289720 0.224205 0.169424 0.123934 0.086090 0.054095 0.026052 0.000000 
0.458217 0.367954 0.290465 0.224876 0.170005 0.124412 0.086455 0.054342 0.026177 0.000000 
0.459048 0.368752 0.291209 0.225546 0.170585 0.124889 0.086821 0.054589 0.026301 0.000000 
0.459877 0.369549 0.291951 0.226214 0.171164 0.125366 0.087185 0.054835 0.026425 0.000000 
0.460705 0.370345 0.292692 0.226882 0.171742 0.125842 0.087550 0.055082 0.026549 0.000000 
0.461532 0.371139 0.293433 0.227549 0.172319 0.126317 0.087914 0.055328 0.026673 0.000000 
0.462357 0.371932 0.294172 0.228215 0.172896 0.126792 0.088277 0.055573 0.026797 0.000000 
0.463180 0.372724 0.294909 0.228880 0.173472 0.127267 0.088641 0.055819 0.026921 0.000000 
0.464002 0.373514 0.295646 0.229544 0.174047 0.127740 0.089003 0.056064 0.027044 0.000000 
0.464823 0.374303 0.296381 0.230207 0.174622 0.128214 0.089366 0.056309 0.027168 0.000000 
0.465642 0.375090 0.297115 0.230868 0.175195 0.128686 0.089728 0.056554 0.027291 0.000000 
0.466460 0.375876 0.297848 0.231529 0.175768 0.129158 0.090089 0.056798 0.027414 0.000000 
0.467276 0.376661 0.298580 0.232189 0.176340 0.129629 0.090450 0.057042 0.027537 0.000000 
0.468091 0.377444 0.299311 0.232848 0.176911 0.130100 0.090811 0.057286 0.027660 0.000000 
0.468904 0.378226 0.300040 0.233506 0.177481 0.130570 0.091171 0.057530 0.027783 0.000000 
0.469716 0.379007 0.300768 0.234163 0.178051 0.131040 0.091531 0.057773 0.027906 0.000000 
0.470526 0.379786 0.301495 0.234819 0.178620 0.131509 0.091891 0.058017 0.028029 0.000000 
0.471335 0.380565 0.302221 0.235473 0.179188 0.131977 0.092250 0.058259 0.028151 0.000000 
0.472143 0.381341 0.302946 0.236127 0.179755 0.132445 0.092608 0.058502 0.028273 0.000000 
0.472949 0.382117 0.303670 0.236780 0.180321 0.132912 0.092966 0.058744 0.028396 0.000000 
0.473754 0.382891 0.304392 0.237432 0.180887 0.133378 0.093324 0.058986 0.028518 0.000000 
0.474557 0.383664 0.305113 0.238083 0.181452 0.133844 0.093681 0.059228 0.028640 0.000000 
0.475359 0.384435 0.305833 0.238733 0.182016 0.134309 0.094038 0.059470 0.028761 0.000000 
0.476159 0.385205 0.306552 0.239382 0.182579 0.134774 0.094395 0.059711 0.028883 0.000000 
0.476958 0.385974 0.307270 0.240030 0.183141 0.135238 0.094751 0.059952 0.029005 0.000000 
0.477756 0.386741 0.307986 0.240677 0.183703 0.135702 0.095106 0.060193 0.029126 0.000000 
0.478552 0.387508 0.308702 0.241323 0.184264 0.136165 0.095461 0.060433 0.029247 0.000000 
0.479347 0.388273 0.309416 0.241968 0.184824 0.136627 0.095816 0.060673 0.029369 0.000000 
0.480140 0.389036 0.310129 0.242612 0.185383 0.137088 0.096170 0.060913 0.029490 0.000000 
0.480932 0.389798 0.310841 0.243255 0.185941 0.137549 0.096524 0.061153 0.029610 0.000000 
0.481723 0.390559 0.311551 0.243897 0.186499 0.138010 0.096877 0.061392 0.029731 0.000000 
0.482512 0.391319 0.312261 0.244538 0.187056 0.138470 0.097230 0.061631 0.029852 0.000000 
0.483300 0.392078 0.312969 0.245178 0.187612 0.138929 0.097583 0.061870 0.029972 0.000000 
0.484087 0.392835 0.313677 0.245817 0.188167 0.139387 0.097935 0.062108 0.030093 0.000000 
0.484872 0.393591 0.314383 0.246455 0.188721 0.139845 0.098287 0.062346 0.030213 0.000000 
0.485655 0.394345 0.315088 0.247092 0.189275 0.140303 0.098638 0.062584 0.030333 0.000000 
0.486438 0.395099 0.315792 0.247728 0.189828 0.140759 0.098988 0.062822 0.030453 0.000000 
0.487219 0.395851 0.316494 0.248364 0.190380 0.141215 0.099339 0.063059 0.030573 0.000000 
0.487998 0.396601 0.317196 0.248998 0.190931 0.141671 0.099689 0.063296 0.030692 0.000000 
0.488777 0.397351 0.317896 0.249631 0.191481 0.142126 0.100038 0.063533 0.030812 0.000000 
0.489554 0.398099 0.318596 0.250263 0.192031 0.142580 0.100387 0.063770 0.030931 0.000000 
0.490329 0.398846 0.319294 0.250894 0.192580 0.143034 0.100735 0.064006 0.031050 0.000000 
0.491103 0.399592 0.319991 0.251525 0.193128 0.143487 0.101083 0.064242 0.031169 0.000000 
0.491876 0.400336 0.320687 0.252154 0.193675 0.143939 0.101431 0.064477 0.031288 0.000000 
0.492648 0.401079 0.321382 0.252782 0.194222 0.144391 0.101778 0.064713 0.031407 0.000000 
0.493418 0.401821 0.322075 0.253410 0.194767 0.144842 0.102125 0.064948 0.031526 0.000000 
0.494187 0.402562 0.322768 0.254036 0.195312 0.145292 0.102471 0.065182 0.031644 0.000000 
0.494954 0.403301 0.323459 0.254662 0.195856 0.145742 0.102817 0.065417 0.031763 0.000000 
0.495720 0.404039 0.324150 0.255286 0.196399 0.146192 0.103162 0.065651 0.031881 0.000000 
0.496485 0.404776 0.324839 0.255910 0.196942 0.146640 0.103507 0.065885 0.031999 0.000000 
0.497248 0.405512 0.325527 0.256532 0.197483 0.147088 0.103851 0.066118 0.032117 0.000000 
0.498010 0.406246 0.326214 0.257154 0.198024 0.147536 0.104195 0.066351 0.032235 0.000000 
0.498771 0.406980 0.326899 0.257775 0.198564 0.147982 0.104539 0.066584 0.032352 0.000000 
0.499531 0.407712 0.327584 0.258394 0.199104 0.148429 0.104882 0.066817 0.032470 0.000000 
0.500289 0.408442 0.328268 0.259013 0.199642 0.148874 0.105225 0.067049 0.032587 0.000000 
0.501046 0.409172 0.328950 0.259631 0.200180 0.149319 0.105567 0.067281 0.032704 0.000000 
0.501801 0.409900 0.329632 0.260247 0.200717 0.149763 0.105908 0.067513 0.032821 0.000000 
0.502556 0.410627 0.330312 0.260863 0.201253 0.150207 0.106250 0.067745 0.032938 0.000000 
0.503309 0.411353 0.330991 0.261478 0.201788 0.150650 0.106590 0.067976 0.033055 0.000000 
0.504060 0.412078 0.331669 0.262092 0.202323 0.151092 0.106931 0.068207 0.033172 0.000000 
0.504810 0.412801 0.332346 0.262705 0.202856 0.151534 0.107271 0.068437 0.033288 0.000000 
0.505559 0.413523 0.333022 0.263317 0.203389 0.151975 0.107610 0.068667 0.033404 0.000000 
0.506307 0.414244 0.333697 0.263928 0.203921 0.152416 0.107949 0.068897 0.033521 0.000000 
0.507054 0.414964 0.334370 0.264538 0.204453 0.152856 0.108287 0.069127 0.033637 0.000000 
0.507799 0.415682 0.335043 0.265147 0.204983 0.153295 0.108625 0.069356 0.033752 0.000000 
0.508543 0.416400 0.335714 0.265756 0.205513 0.153734 0.108963 0.069586 0.033868 0.000000 
0.509285 0.417116 0.336385 0.266363 0.206042 0.154172 0.109300 0.069814 0.033984 0.000000 
0.510027 0.417831 0.337054 0.266969 0.206570 0.154609 0.109637 0.070043 0.034099 0.000000 
0.510767 0.418544 0.337722 0.267575 0.207097 0.155046 0.109973 0.070271 0.034214 0.000000 
0.511505 0.419257 0.338390 0.268179 0.207624 0.155482 0.110308 0.070499 0.034330 0.000000 
0.512243 0.419968 0.339056 0.268782 0.208150 0.155918 0.110644 0.070726 0.034445 0.000000 
0.512979 0.420678 0.339721 0.269385 0.208675 0.156352 0.110978 0.070953 0.034559 0.000000 
0.513714 0.421387 0.340384 0.269987 0.209199 0.156787 0.111313 0.071180 0.034674 0.000000 
0.514448 0.422095 0.341047 0.270587 0.209723 0.157220 0.111647 0.071407 0.034789 0.000000 
0.515180 0.422802 0.341709 0.271187 0.210245 0.157653 0.111980 0.071633 0.034903 0.000000 
0.515911 0.423507 0.342370 0.271786 0.210767 0.158086 0.112313 0.071859 0.035017 0.000000 
0.516641 0.424211 0.343029 0.272384 0.211288 0.158518 0.112645 0.072085 0.035131 0.000000 
0.517370 0.424914 0.343688 0.272980 0.211808 0.158949 0.112977 0.072310 0.035245 0.000000 
0.518097 0.425616 0.344345 0.273576 0.212328 0.159379 0.113309 0.072536 0.035359 0.000000 
0.518823 0.426317 0.345002 0.274171 0.212847 0.159809 0.113640 0.072760 0.035473 0.000000 
0.519548 0.427016 0.345657 0.274766 0.213365 0.160238 0.113971 0.072985 0.035586 0.000000 
0.520272 0.427714 0.346311 0.275359 0.213882 0.160667 0.114301 0.073209 0.035699 0.000000 
0.520994 0.428411 0.346964 0.275951 0.214398 0.161095 0.114630 0.073433 0.035812 0.000000 
0.521715 0.429107 0.347616 0.276542 0.214914 0.161523 0.114960 0.073656 0.035925 0.000000 
0.522435 0.429802 0.348267 0.277133 0.215429 0.161949 0.115288 0.073880 0.036038 0.000000 
0.523154 0.430496 0.348917 0.277722 0.215943 0.162375 0.115617 0.074103 0.036151 0.000000 
0.523871 0.431188 0.349566 0.278310 0.216456 0.162801 0.115944 0.074325 0.036264 0.000000 
0.524587 0.431880 0.350214 0.278898 0.216968 0.163226 0.116272 0.074548 0.036376 0.000000 
0.525302 0.432570 0.350861 0.279485 0.217480 0.163650 0.116599 0.074770 0.036488 0.000000 
0.526016 0.433259 0.351507 0.280070 0.217991 0.164074 0.116925 0.074991 0.036600 0.000000 
0.526728 0.433947 0.352152 0.280655 0.218501 0.164497 0.117251 0.075213 0.036712 0.000000 
0.527440 0.434633 0.352795 0.281239 0.219011 0.164919 0.117576 0.075434 0.036824 0.000000 
0.528150 0.435319 0.353438 0.281822 0.219519 0.165341 0.117901 0.075655 0.036936 0.000000 
0.528859 0.436003 0.354079 0.282404 0.220027 0.165762 0.118226 0.075875 0.037047 0.000000 
0.529566 0.436686 0.354720 0.282985 0.220534 0.166183 0.118550 0.076095 0.037158 0.000000 
0.530273 0.437368 0.355359 0.283565 0.221040 0.166603 0.118874 0.076315 0.037270 0.000000 
0.530978 0.438049 0.355998 0.284145 0.221546 0.167022 0.119197 0.076535 0.037381 0.000000 
0.531682 0.438729 0.356635 0.284723 0.222050 0.167441 0.119520 0.076754 0.037491 0.000000 
0.532385 0.439408 0.357272 0.285301 0.222554 0.167859 0.119842 0.076973 0.037602 0.000000 
0.533086 0.440085 0.357907 0.285877 0.223057 0.168276 0.120164 0.077192 0.037713 0.000000 
0.533787 0.440762 0.358541 0.286453 0.223560 0.168693 0.120485 0.077410 0.037823 0.000000 
0.534486 0.441437 0.359175 0.287028 0.224061 0.169109 0.120806 0.077628 0.037933 0.000000 
0.535184 0.442111 0.359807 0.287601 0.224562 0.169525 0.121126 0.077846 0.038043 0.000000 
0.535881 0.442784 0.360438 0.288174 0.225062 0.169940 0.121446 0.078063 0.038153 0.000000 
0.536577 0.443456 0.361068 0.288746 0.225562 0.170354 0.121765 0.078280 0.038263 0.000000 
0.537271 0.444127 0.361697 0.289317 0.226060 0.170768 0.122084 0.078497 0.038373 0.000000 
0.537964 0.444797 0.362325 0.289887 0.226558 0.171181 0.122403 0.078713 0.038482 0.000000 
0.538656 0.445465 0.362952 0.290457 0.227055 0.171593 0.122721 0.078929 0.038591 0.000000 
0.539347 0.446133 0.363579 0.291025 0.227551 0.172005 0.123038 0.079145 0.038701 0.000000 
0.540037 0.446799 0.364204 0.291593 0.228047 0.172416 0.123355 0.079361 0.038810 0.000000 
0.540725 0.447464 0.364828 0.292159 0.228541 0.172827 0.123672 0.079576 0.038918 0.000000 
0.541413 0.448128 0.365451 0.292725 0.229035 0.173237 0.123988 0.079791 0.039027 0.000000 
0.542099 0.448791 0.366073 0.293290 0.229529 0.173646 0.124304 0.080005 0.039136 0.000000 
0.542784 0.449453 0.366694 0.293853 0.230021 0.174055 0.124619 0.080220 0.039244 0.000000 
0.543468 0.450114 0.367313 0.294416 0.230513 0.174463 0.124934 0.080434 0.039352 0.000000 
0.544151 0.450773 0.367932 0.294979 0.231004 0.174871 0.125248 0.080647 0.039460 0.000000 
0.544832 0.451432 0.368550 0.295540 0.231494 0.175278 0.125562 0.080861 0.039568 0.000000 
0.545512 0.452089 0.369167 0.296100 0.231983 0.175684 0.125875 0.081074 0.039676 0.000000 
0.546192 0.452746 0.369783 0.296659 0.232472 0.176089 0.126188 0.081287 0.039784 0.000000 
0.546870 0.453401 0.370398 0.297218 0.232959 0.176495 0.126501 0.081499 0.039891 0.000000 
0.547547 0.454055 0.371012 0.297776 0.233447 0.176899 0.126813 0.081711 0.039998 0.000000 
0.548222 0.454708 0.371625 0.298332 0.233933 0.177303 0.127124 0.081923 0.040106 0.000000 
0.548897 0.455360 0.372237 0.298888 0.234418 0.177706 0.127435 0.082134 0.040213 0.000000 
0.549570 0.456011 0.372848 0.299443 0.234903 0.178109 0.127746 0.082346 0.040319 0.000000 
0.550243 0.456661 0.373458 0.299997 0.235387 0.178511 0.128056 0.082557 0.040426 0.000000 
0.550914 0.457309 0.374066 0.300550 0.235871 0.178912 0.128366 0.082767 0.040533 0.000000 
0.551584 0.457957 0.374674 0.301103 0.236353 0.179313 0.128675 0.082977 0.040639 0.000000 
0.552253 0.458603 0.375281 0.301654 0.236835 0.179713 0.128984 0.083187 0.040745 0.000000 
0.552920 0.459249 0.375887 0.302204 0.237316 0.180113 0.129292 0.083397 0.040851 0.000000 
0.553587 0.459893 0.376492 0.302754 0.237796 0.180512 0.129600 0.083606 0.040957 0.000000 
0.554252 0.460536 0.377096 0.303303 0.238276 0.180910 0.129907 0.083815 0.041063 0.000000 
0.554917 0.461179 0.377699 0.303851 0.238755 0.181308 0.130214 0.084024 0.041168 0.000000 
0.555580 0.461820 0.378301 0.304398 0.239233 0.181705 0.130521 0.084232 0.041274 0.000000 
0.556242 0.462460 0.378902 0.304944 0.239710 0.182101 0.130827 0.084441 0.041379 0.000000 
0.556903 0.463099 0.379502 0.305489 0.240187 0.182497 0.131132 0.084648 0.041484 0.000000 
0.557563 0.463737 0.380101 0.306034 0.240662 0.182892 0.131437 0.084856 0.041589 0.000000 
0.558221 0.464374 0.380699 0.306577 0.241138 0.183287 0.131742 0.085063 0.041694 0.000000 
0.558879 0.465009 0.381296 0.307120 0.241612 0.183681 0.132046 0.085270 0.041799 0.000000 
0.559535 0.465644 0.381892 0.307662 0.242085 0.184075 0.132350 0.085476 0.041903 0.000000 
0.560190 0.466278 0.382487 0.308202 0.242558 0.184467 0.132653 0.085683 0.042008 0.000000 
0.560845 0.466911 0.383081 0.308742 0.243030 0.184860 0.132956 0.085889 0.042112 0.000000 
0.561498 0.467542 0.383674 0.309282 0.243502 0.185251 0.133258 0.086094 0.042216 0.000000 
0.562150 0.468173 0.384267 0.309820 0.243972 0.185642 0.133560 0.086300 0.042320 0.000000 
0.562801 0.468802 0.384858 0.310357 0.244442 0.186033 0.133861 0.086505 0.042424 0.000000 
0.563450 0.469430 0.385448 0.310894 0.244911 0.186423 0.134162 0.086709 0.042527 0.000000 
0.564099 0.470058 0.386037 0.311430 0.245380 0.186812 0.134463 0.086914 0.042631 0.000000 
0.564747 0.470684 0.386626 0.311965 0.245847 0.187201 0.134763 0.087118 0.042734 0.000000 
0.565393 0.471309 0.387213 0.312499 0.246314 0.187589 0.135062 0.087322 0.042837 0.000000 
0.566038 0.471934 0.387799 0.313032 0.246780 0.187976 0.135361 0.087525 0.042940 0.000000 
0.566683 0.472557 0.388385 0.313564 0.247246 0.188363 0.135660 0.087728 0.043043 0.000000 
0.567326 0.473179 0.388969 0.314095 0.247711 0.188749 0.135958 0.087931 0.043146 0.000000 
0.567968 0.473800 0.389553 0.314626 0.248175 0.189135 0.136256 0.088134 0.043248 0.000000 
0.568609 0.474420 0.390135 0.315156 0.248638 0.189520 0.136553 0.088336 0.043350 0.000000 
0.569249 0.475039 0.390717 0.315685 0.249100 0.189904 0.136850 0.088538 0.043453 0.000000 
0.569888 0.475657 0.391297 0.316213 0.249562 0.190288 0.137147 0.088740 0.043555 0.000000 
0.570525 0.476274 0.391877 0.316740 0.250023 0.190672 0.137442 0.088941 0.043657 0.000000 
0.571162 0.476890 0.392456 0.317266 0.250483 0.191054 0.137738 0.089142 0.043758 0.000000 
0.571798 0.477505 0.393034 0.317791 0.250943 0.191436 0.138033 0.089343 0.043860 0.000000 
0.572432 0.478119 0.393610 0.318316 0.251402 0.191818 0.138328 0.089543 0.043961 0.000000 
0.573066 0.478731 0.394186 0.318840 0.251860 0.192199 0.138622 0.089743 0.044063 0.000000 
0.573698 0.479343 0.394761 0.319363 0.252317 0.192579 0.138915 0.089943 0.044164 0.000000 
0.574329 0.479954 0.395335 0.319885 0.252774 0.192959 0.139209 0.090143 0.044265 0.000000 
0.574959 0.480564 0.395908 0.320406 0.253230 0.193338 0.139501 0.090342 0.044366 0.000000 
0.575588 0.481173 0.396480 0.320926 0.253685 0.193716 0.139794 0.090541 0.044466 0.000000 
0.576216 0.481780 0.397051 0.321446 0.254140 0.194094 0.140086 0.090740 0.044567 0.000000 
0.576843 0.482387 0.397622 0.321965 0.254594 0.194471 0.140377 0.090938 0.044667 0.000000 
0.577469 0.482993 0.398191 0.322482 0.255047 0.194848 0.140668 0.091136 0.044767 0.000000 
0.578094 0.483597 0.398759 0.323000 0.255499 0.195224 0.140958 0.091334 0.044867 0.000000 
0.578718 0.484201 0.399327 0.323516 0.255951 0.195600 0.141248 0.091531 0.044967 0.000000 
0.579341 0.484804 0.399893 0.324031 0.256401 0.195975 0.141538 0.091728 0.045067 0.000000 
0.579963 0.485405 0.400459 0.324546 0.256852 0.196349 0.141827 0.091925 0.045167 0.000000 
0.580583 0.486006 0.401023 0.325059 0.257301 0.196723 0.142116 0.092121 0.045266 0.000000 
0.581203 0.486606 0.401587 0.325572 0.257750 0.197096 0.142404 0.092318 0.045366 0.000000 
0.581821 0.487204 0.402150 0.326084 0.258198 0.197469 0.142692 0.092514 0.045465 0.000000 
0.582439 0.487802 0.402711 0.326595 0.258645 0.197841 0.142979 0.092709 0.045564 0.000000 
0.583055 0.488399 0.403272 0.327106 0.259092 0.198212 0.143266 0.092905 0.045663 0.000000 
0.583671 0.488994 0.403832 0.327615 0.259538 0.198583 0.143553 0.093100 0.045761 0.000000 
0.584285 0.489589 0.404391 0.328124 0.259983 0.198953 0.143839 0.093294 0.045860 0.000000 
0.584898 0.490183 0.404950 0.328632 0.260427 0.199323 0.144125 0.093489 0.045958 0.000000 
0.585510 0.490775 0.405507 0.329139 0.260871 0.199692 0.144410 0.093683 0.046057 0.000000 
0.586122 0.491367 0.406063 0.329645 0.261314 0.200061 0.144694 0.093877 0.046155 0.000000 
0.586732 0.491958 0.406618 0.330151 0.261757 0.200429 0.144979 0.094070 0.046253 0.000000 
0.587341 0.492547 0.407173 0.330655 0.262198 0.200796 0.145263 0.094263 0.046350 0.000000 
0.587949 0.493136 0.407726 0.331159 0.262639 0.201163 0.145546 0.094456 0.046448 0.000000 
0.588556 0.493724 0.408279 0.331662 0.263079 0.201529 0.145829 0.094649 0.046546 0.000000 
0.589162 0.494310 0.408831 0.332164 0.263519 0.201895 0.146111 0.094841 0.046643 0.000000 
0.589767 0.494896 0.409382 0.332665 0.263958 0.202260 0.146393 0.095033 0.046740 0.000000 
0.590371 0.495481 0.409932 0.333166 0.264396 0.202624 0.146675 0.095225 0.046837 0.000000 
0.590974 0.496065 0.410481 0.333666 0.264833 0.202988 0.146956 0.095416 0.046934 0.000000 
0.591576 0.496648 0.411029 0.334165 0.265270 0.203351 0.147237 0.095607 0.047031 0.000000 
0.592177 0.497229 0.411576 0.334663 0.265706 0.203714 0.147517 0.095798 0.047127 0.000000 
0.592777 0.497810 0.412122 0.335160 0.266141 0.204076 0.147797 0.095989 0.047224 0.000000 
0.593376 0.498390 0.412667 0.335656 0.266576 0.204438 0.148077 0.096179 0.047320 0.000000 
0.593974 0.498969 0.413212 0.336152 0.267010 0.204799 0.148356 0.096369 0.047416 0.000000 
0.594571 0.499547 0.413756 0.336647 0.267443 0.205159 0.148634 0.096558 0.047512 0.000000 
0.595167 0.500124 0.414298 0.337141 0.267876 0.205519 0.148912 0.096748 0.047608 0.000000 
0.595761 0.500700 0.414840 0.337634 0.268307 0.205879 0.149190 0.096937 0.047704 0.000000 
0.596355 0.501275 0.415381 0.338127 0.268738 0.206237 0.149467 0.097126 0.047799 0.000000 
0.596948 0.501849 0.415921 0.338618 0.269169 0.206596 0.149744 0.097314 0.047895 0.000000 
0.597540 0.502423 0.416460 0.339109 0.269599 0.206953 0.150020 0.097502 0.047990 0.000000 
0.598131 0.502995 0.416998 0.339599 0.270028 0.207310 0.150296 0.097690 0.048085 0.000000 
0.598721 0.503566 0.417536 0.340088 0.270456 0.207667 0.150572 0.097878 0.048180 0.000000 
0.599310 0.504136 0.418072 0.340577 0.270884 0.208023 0.150847 0.098065 0.048275 0.000000 
0.599897 0.504706 0.418608 0.341064 0.271311 0.208378 0.151121 0.098252 0.048370 0.000000 
0.600484 0.505274 0.419142 0.341551 0.271737 0.208733 0.151396 0.098439 0.048464 0.000000 
0.601070 0.505841 0.419676 0.342037 0.272163 0.209087 0.151669 0.098625 0.048559 0.000000 
0.601655 0.506408 0.420209 0.342523 0.272588 0.209441 0.151943 0.098811 0.048653 0.000000 
0.602239 0.506973 0.420741 0.343007 0.273012 0.209794 0.152216 0.098997 0.048747 0.000000 
0.602822 0.507538 0.421272 0.343491 0.273435 0.210146 0.152488 0.099183 0.048841 0.000000 
0.603403 0.508101 0.421802 0.343974 0.273858 0.210498 0.152760 0.099368 0.048935 0.000000 
0.603984 0.508664 0.422332 0.344456 0.274280 0.210849 0.153032 0.099553 0.049028 0.000000 
0.604564 0.509226 0.422860 0.344937 0.274702 0.211200 0.153303 0.099737 0.049122 0.000000 
0.605143 0.509787 0.423388 0.345418 0.275123 0.211551 0.153574 0.099922 0.049215 0.000000 
0.605721 0.510347 0.423915 0.345897 0.275543 0.211900 0.153844 0.100106 0.049308 0.000000 
0.606298 0.510905 0.424441 0.346376 0.275962 0.212249 0.154114 0.100290 0.049401 0.000000 
0.606874 0.511463 0.424966 0.346854 0.276381 0.212598 0.154383 0.100473 0.049494 0.000000 
0.607449 0.512021 0.425490 0.347332 0.276799 0.212946 0.154652 0.100656 0.049587 0.000000 
0.608023 0.512577 0.426013 0.347808 0.277217 0.213294 0.154921 0.100839 0.049680 0.000000 
0.608596 0.513132 0.426536 0.348284 0.277634 0.213640 0.155189 0.101022 0.049772 0.000000 
0.609168 0.513686 0.427057 0.348759 0.278050 0.213987 0.155457 0.101204 0.049865 0.000000 
0.609740 0.514239 0.427578 0.349233 0.278465 0.214333 0.155724 0.101386 0.049957 0.000000 
0.610310 0.514792 0.428098 0.349707 0.278880 0.214678 0.155991 0.101568 0.050049 0.000000 
0.610879 0.515343 0.428617 0.350180 0.279294 0.215023 0.156258 0.101750 0.050141 0.000000 
0.611447 0.515894 0.429135 0.350652 0.279707 0.215367 0.156524 0.101931 0.050233 0.000000 
0.612014 0.516443 0.429652 0.351123 0.280120 0.215710 0.156789 0.102112 0.050324 0.000000 
0.612581 0.516992 0.430168 0.351593 0.280532 0.216053 0.157054 0.102292 0.050416 0.000000 
0.613146 0.517540 0.430684 0.352063 0.280943 0.216396 0.157319 0.102473 0.050507 0.000000 
0.613710 0.518087 0.431199 0.352532 0.281354 0.216738 0.157584 0.102653 0.050598 0.000000 
0.614274 0.518633 0.431712 0.353000 0.281764 0.217079 0.157848 0.102832 0.050689 0.000000 
0.614836 0.519178 0.432225 0.353467 0.282174 0.217420 0.158111 0.103012 0.050780 0.000000 
0.615398 0.519722 0.432738 0.353934 0.282582 0.217760 0.158374 0.103191 0.050871 0.000000 
0.615958 0.520265 0.433249 0.354399 0.282990 0.218100 0.158637 0.103370 0.050961 0.000000 
0.616518 0.520808 0.433759 0.354864 0.283398 0.218439 0.158899 0.103549 0.051052 0.000000 
0.617077 0.521349 0.434269 0.355329 0.283805 0.218778 0.159161 0.103727 0.051142 0.000000 
0.617635 0.521889 0.434778 0.355792 0.284211 0.219116 0.159422 0.103905 0.051232 0.000000 
0.618191 0.522429 0.435286 0.356255 0.284616 0.219454 0.159683 0.104083 0.051322 0.000000 
0.618747 0.522968 0.435793 0.356717 0.285021 0.219791 0.159944 0.104260 0.051412 0.000000 
0.619302 0.523505 0.436299 0.357178 0.285425 0.220127 0.160204 0.104438 0.051502 0.000000 
0.619856 0.524042 0.436804 0.357639 0.285828 0.220463 0.160464 0.104615 0.051592 0.000000 
0.620409 0.524578 0.437309 0.358098 0.286231 0.220798 0.160723 0.104791 0.051681 0.000000 
0.620961 0.525113 0.437812 0.358557 0.286633 0.221133 0.160982 0.104968 0.051770 0.000000 
0.621512 0.525648 0.438315 0.359016 0.287035 0.221468 0.161241 0.105144 0.051860 0.000000 
0.622063 0.526181 0.438817 0.359473 0.287436 0.221801 0.161499 0.105320 0.051949 0.000000 
0.622612 0.526713 0.439318 0.359930 0.287836 0.222135 0.161757 0.105495 0.052037 0.000000 
0.623160 0.527245 0.439819 0.360386 0.288235 0.222467 0.162014 0.105670 0.052126 0.000000 
0.623708 0.527775 0.440318 0.360841 0.288634 0.222800 0.162271 0.105845 0.052215 0.000000 
0.624254 0.528305 0.440817 0.361295 0.289033 0.223131 0.162527 0.106020 0.052303 0.000000 
0.624800 0.528834 0.441315 0.361749 0.289430 0.223462 0.162783 0.106194 0.052392 0.000000 
0.625344 0.529362 0.441812 0.362202 0.289827 0.223793 0.163039 0.106369 0.052480 0.000000 
0.625888 0.529889 0.442308 0.362654 0.290223 0.224123 0.163294 0.106542 0.052568 0.000000 
0.626431 0.530415 0.442804 0.363106 0.290619 0.224452 0.163549 0.106716 0.052656 0.000000 
0.626973 0.530940 0.443298 0.363556 0.291014 0.224781 0.163803 0.106889 0.052744 0.000000 
0.627514 0.531465 0.443792 0.364006 0.291408 0.225110 0.164057 0.107062 0.052831 0.000000 
0.628054 0.531988 0.444285 0.364456 0.291802 0.225438 0.164311 0.107235 0.052919 0.000000 
0.628593 0.532511 0.444777 0.364904 0.292195 0.225765 0.164564 0.107407 0.053006 0.000000 
0.629131 0.533033 0.445268 0.365352 0.292588 0.226092 0.164817 0.107580 0.053093 0.000000 
0.629668 0.533554 0.445759 0.365799 0.292979 0.226418 0.165069 0.107752 0.053180 0.000000 
0.630205 0.534074 0.446248 0.366245 0.293370 0.226744 0.165321 0.107923 0.053267 0.000000 
0.630740 0.534593 0.446737 0.366691 0.293761 0.227069 0.165573 0.108095 0.053354 0.000000 
0.631275 0.535111 0.447225 0.367135 0.294151 0.227394 0.165824 0.108266 0.053441 0.000000 
0.631809 0.535628 0.447713 0.367580 0.294540 0.227718 0.166075 0.108437 0.053527 0.000000 
0.632341 0.536145 0.448199 0.368023 0.294929 0.228042 0.166325 0.108607 0.053614 0.000000 
0.632873 0.536661 0.448685 0.368465 0.295317 0.228365 0.166575 0.108777 0.053700 0.000000 
0.633404 0.537175 0.449169 0.368907 0.295704 0.228687 0.166824 0.108947 0.053786 0.000000 
0.633934 0.537689 0.449653 0.369349 0.296091 0.229010 0.167074 0.109117 0.053872 0.000000 
0.634464 0.538202 0.450137 0.369789 0.296477 0.229331 0.167322 0.109287 0.053958 0.000000 
0.634992 0.538715 0.450619 0.370229 0.296862 0.229652 0.167571 0.109456 0.054043 0.000000 
0.635519 0.539226 0.451101 0.370668 0.297247 0.229973 0.167818 0.109625 0.054129 0.000000 
0.636046 0.539736 0.451581 0.371106 0.297631 0.230293 0.168066 0.109793 0.054214 0.000000 
0.636571 0.540246 0.452061 0.371543 0.298015 0.230612 0.168313 0.109962 0.054300 0.000000 
0.637096 0.540755 0.452541 0.371980 0.298397 0.230931 0.168560 0.110130 0.054385 0.000000 
0.637620 0.541263 0.453019 0.372416 0.298780 0.231250 0.168806 0.110298 0.054470 0.000000 
0.638143 0.541770 0.453496 0.372852 0.299161 0.231567 0.169052 0.110465 0.054555 0.000000 
0.638665 0.542276 0.453973 0.373286 0.299542 0.231885 0.169298 0.110632 0.054639 0.000000 
0.639186 0.542781 0.454449 0.373720 0.299923 0.232202 0.169543 0.110799 0.054724 0.000000 
0.639706 0.543286 0.454924 0.374154 0.300303 0.232518 0.169787 0.110966 0.054808 0.000000 
0.640226 0.543790 0.455399 0.374586 0.300682 0.232834 0.170032 0.111133 0.054893 0.000000 
0.640744 0.544292 0.455872 0.375018 0.301060 0.233149 0.170276 0.111299 0.054977 0.000000 
0.641262 0.544794 0.456345 0.375449 0.301438 0.233464 0.170519 0.111465 0.055061 0.000000 
0.641779 0.545296 0.456817 0.375879 0.301815 0.233779 0.170762 0.111630 0.055145 0.000000 
0.642295 0.545796 0.457289 0.376309 0.302192 0.234092 0.171005 0.111796 0.055229 0.000000 
0.642810 0.546295 0.457759 0.376738 0.302568 0.234406 0.171248 0.111961 0.055312 0.000000 
0.643324 0.546794 0.458229 0.377166 0.302944 0.234718 0.171490 0.112126 0.055396 0.000000 
0.643837 0.547292 0.458698 0.377594 0.303318 0.235031 0.171731 0.112290 0.055479 0.000000 
0.644349 0.547789 0.459166 0.378020 0.303693 0.235342 0.171972 0.112455 0.055563 0.000000 
0.644861 0.548285 0.459633 0.378446 0.304066 0.235654 0.172213 0.112619 0.055646 0.000000 
0.645372 0.548780 0.460100 0.378872 0.304439 0.235964 0.172453 0.112783 0.055729 0.000000 
0.645881 0.549275 0.460565 0.379297 0.304812 0.236275 0.172693 0.112946 0.055811 0.000000 
0.646390 0.549768 0.461031 0.379721 0.305183 0.236584 0.172933 0.113110 0.055894 0.000000 
0.646898 0.550261 0.461495 0.380144 0.305555 0.236894 0.173172 0.113273 0.055977 0.000000 
0.647406 0.550753 0.461958 0.380566 0.305925 0.237202 0.173411 0.113435 0.056059 0.000000 
0.647912 0.551244 0.462421 0.380988 0.306295 0.237511 0.173650 0.113598 0.056141 0.000000 
0.648417 0.551734 0.462883 0.381410 0.306664 0.237818 0.173888 0.113760 0.056224 0.000000 
0.648922 0.552224 0.463344 0.381830 0.307033 0.238126 0.174125 0.113922 0.056306 0.000000 
0.649426 0.552712 0.463804 0.382250 0.307401 0.238432 0.174363 0.114084 0.056388 0.000000 
0.649929 0.553200 0.464264 0.382669 0.307769 0.238738 0.174600 0.114245 0.056469 0.000000 
0.650431 0.553687 0.464723 0.383087 0.308135 0.239044 0.174836 0.114406 0.056551 0.000000 
0.650932 0.554173 0.465181 0.383505 0.308502 0.239349 0.175072 0.114567 0.056633 0.000000 
0.651433 0.554659 0.465638 0.383922 0.308867 0.239654 0.175308 0.114728 0.056714 0.000000 
0.651932 0.555143 0.466095 0.384338 0.309233 0.239958 0.175543 0.114888 0.056795 0.000000 
0.652431 0.555627 0.466550 0.384754 0.309597 0.240262 0.175778 0.115048 0.056876 0.000000 
0.652929 0.556110 0.467005 0.385169 0.309961 0.240565 0.176013 0.115208 0.056957 0.000000 
0.653426 0.556592 0.467460 0.385583 0.310324 0.240868 0.176247 0.115368 0.057038 0.000000 
0.653922 0.557074 0.467913 0.385997 0.310687 0.241170 0.176481 0.115527 0.057119 0.000000 
0.654417 0.557554 0.468366 0.386410 0.311049 0.241472 0.176714 0.115686 0.057199 0.000000 
0.654912 0.558034 0.468818 0.386822 0.311410 0.241773 0.176948 0.115845 0.057280 0.000000 
0.655405 0.558513 0.469269 0.387234 0.311771 0.242074 0.177180 0.116004 0.057360 0.000000 
0.655898 0.558991 0.469720 0.387644 0.312132 0.242374 0.177413 0.116162 0.057440 0.000000 
0.656390 0.559468 0.470169 0.388055 0.312491 0.242674 0.177644 0.116320 0.057521 0.000000 
0.656881 0.559944 0.470618 0.388464 0.312850 0.242973 0.177876 0.116478 0.057600 0.000000 
0.657371 0.560420 0.471067 0.388873 0.313209 0.243272 0.178107 0.116635 0.057680 0.000000 
0.657861 0.560895 0.471514 0.389281 0.313567 0.243570 0.178338 0.116793 0.057760 0.000000 
0.658349 0.561369 0.471961 0.389688 0.313924 0.243868 0.178568 0.116950 0.057839 0.000000 
0.658837 0.561842 0.472407 0.390095 0.314281 0.244165 0.178798 0.117107 0.057919 0.000000 
0.659324 0.562315 0.472852 0.390501 0.314637 0.244462 0.179028 0.117263 0.057998 0.000000 
0.659810 0.562786 0.473297 0.390907 0.314993 0.244758 0.179257 0.117419 0.058077 0.000000 
0.660296 0.563257 0.473740 0.391311 0.315348 0.245054 0.179486 0.117575 0.058156 0.000000 
0.660780 0.563727 0.474183 0.391715 0.315702 0.245350 0.179715 0.117731 0.058235 0.000000 
0.661264 0.564197 0.474626 0.392119 0.316056 0.245644 0.179943 0.117887 0.058314 0.000000 
0.661747 0.564665 0.475067 0.392522 0.316409 0.245939 0.180171 0.118042 0.058393 0.000000 
0.662229 0.565133 0.475508 0.392924 0.316762 0.246233 0.180398 0.118197 0.058471 0.000000 
0.662710 0.565600 0.475948 0.393325 0.317114 0.246526 0.180625 0.118352 0.058550 0.000000 
0.663191 0.566066 0.476387 0.393726 0.317465 0.246819 0.180852 0.118506 0.058628 0.000000 
0.663670 0.566531 0.476826 0.394126 0.317816 0.247111 0.181078 0.118660 0.058706 0.000000 
0.664149 0.566996 0.477264 0.394525 0.318166 0.247403 0.181304 0.118814 0.058784 0.000000 
0.664627 0.567460 0.477701 0.394924 0.318516 0.247695 0.181530 0.118968 0.058862 0.000000 
0.665104 0.567923 0.478137 0.395322 0.318865 0.247986 0.181755 0.119122 0.058940 0.000000 
0.665580 0.568385 0.478573 0.395719 0.319214 0.248276 0.181980 0.119275 0.059017 0.000000 
0.666056 0.568846 0.479008 0.396116 0.319562 0.248567 0.182204 0.119428 0.059095 0.000000 
0.666531 0.569307 0.479442 0.396512 0.319909 0.248856 0.182428 0.119580 0.059172 0.000000 
0.667005 0.569767 0.479875 0.396908 0.320256 0.249145 0.182652 0.119733 0.059249 0.000000 
0.667478 0.570226 0.480308 0.397302 0.320602 0.249434 0.182876 0.119885 0.059327 0.000000 
0.667950 0.570685 0.480740 0.397697 0.320948 0.249722 0.183099 0.120037 0.059404 0.000000 
0.668422 0.571142 0.481171 0.398090 0.321293 0.250010 0.183321 0.120189 0.059480 0.000000 
0.668892 0.571599 0.481602 0.398483 0.321638 0.250297 0.183543 0.120340 0.059557 0.000000 
0.669362 0.572055 0.482032 0.398875 0.321982 0.250584 0.183765 0.120492 0.059634 0.000000 
0.669832 0.572510 0.482461 0.399266 0.322325 0.250870 0.183987 0.120643 0.059710 0.000000 
0.670300 0.572965 0.482889 0.399657 0.322668 0.251156 0.184208 0.120793 0.059787 0.000000 
0.670767 0.573418 0.483317 0.400047 0.323010 0.251441 0.184429 0.120944 0.059863 0.000000 
0.671234 0.573871 0.483744 0.400437 0.323352 0.251726 0.184649 0.121094 0.059939 0.000000 
0.671700 0.574324 0.484170 0.400826 0.323693 0.252010 0.184869 0.121244 0.060015 0.000000 
0.672165 0.574775 0.484596 0.401214 0.324034 0.252294 0.185089 0.121394 0.060091 0.000000 
0.672630 0.575226 0.485021 0.401602 0.324374 0.252577 0.185308 0.121543 0.060167 0.000000 
0.673093 0.575676 0.485445 0.401989 0.324713 0.252860 0.185527 0.121693 0.060242 0.000000 
0.673556 0.576125 0.485868 0.402375 0.325052 0.253143 0.185746 0.121842 0.060318 0.000000 
0.674018 0.576573 0.486291 0.402761 0.325391 0.253425 0.185964 0.121991 0.060393 0.000000 
0.674479 0.577021 0.486713 0.403146 0.325728 0.253707 0.186182 0.122139 0.060468 0.000000 
0.674940 0.577468 0.487134 0.403530 0.326066 0.253988 0.186400 0.122287 0.060544 0.000000 
0.675400 0.577914 0.487555 0.403914 0.326402 0.254268 0.186617 0.122435 0.060619 0.000000 
0.675858 0.578359 0.487975 0.404297 0.326738 0.254548 0.186834 0.122583 0.060693 0.000000 
0.676317 0.578804 0.488394 0.404679 0.327074 0.254828 0.187050 0.122731 0.060768 0.000000 
0.676774 0.579248 0.488812 0.405061 0.327409 0.255107 0.187267 0.122878 0.060843 0.000000 
0.677231 0.579691 0.489230 0.405442 0.327743 0.255386 0.187482 0.123025 0.060917 0.000000 
0.677686 0.580134 0.489647 0.405823 0.328077 0.255665 0.187698 0.123172 0.060992 0.000000 
0.678141 0.580575 0.490064 0.406203 0.328410 0.255942 0.187913 0.123319 0.061066 0.000000 
0.678596 0.581016 0.490479 0.406582 0.328743 0.256220 0.188128 0.123465 0.061140 0.000000 
0.679049 0.581456 0.490894 0.406961 0.329075 0.256497 0.188342 0.123611 0.061214 0.000000 
0.679502 0.581896 0.491309 0.407339 0.329407 0.256773 0.188556 0.123757 0.061288 0.000000 
0.679954 0.582334 0.491722 0.407716 0.329738 0.257049 0.188770 0.123903 0.061362 0.000000 
0.680405 0.582772 0.492135 0.408093 0.330069 0.257325 0.188983 0.124048 0.061436 0.000000 
0.680855 0.583210 0.492547 0.408469 0.330399 0.257600 0.189196 0.124193 0.061509 0.000000 
0.681305 0.583646 0.492959 0.408845 0.330728 0.257875 0.189408 0.124338 0.061583 0.000000 
0.681754 0.584082 0.493370 0.409219 0.331057 0.258149 0.189621 0.124483 0.061656 0.000000 
0.682202 0.584517 0.493780 0.409594 0.331386 0.258423 0.189833 0.124627 0.061729 0.000000 
0.682649 0.584951 0.494189 0.409967 0.331713 0.258696 0.190044 0.124771 0.061802 0.000000 
0.683096 0.585385 0.494598 0.410340 0.332041 0.258969 0.190255 0.124915 0.061875 0.000000 
0.683542 0.585817 0.495006 0.410713 0.332367 0.259241 0.190466 0.125059 0.061948 0.000000 
0.683987 0.586249 0.495413 0.411084 0.332694 0.259513 0.190677 0.125203 0.062021 0.000000 
0.684431 0.586681 0.495820 0.411456 0.333019 0.259785 0.190887 0.125346 0.062093 0.000000 
0.684875 0.587111 0.496226 0.411826 0.333344 0.260056 0.191097 0.125489 0.062166 0.000000 
0.685318 0.587541 0.496631 0.412196 0.333669 0.260326 0.191306 0.125632 0.062238 0.000000 
0.685760 0.587970 0.497036 0.412565 0.333993 0.260596 0.191515 0.125774 0.062310 0.000000 
0.686201 0.588399 0.497440 0.412934 0.334316 0.260866 0.191724 0.125916 0.062382 0.000000 
0.686642 0.588827 0.497843 0.413302 0.334639 0.261135 0.191932 0.126059 0.062454 0.000000 
0.687081 0.589254 0.498246 0.413669 0.334962 0.261404 0.192140 0.126200 0.062526 0.000000 
0.687521 0.589680 0.498648 0.414036 0.335284 0.261673 0.192348 0.126342 0.062598 0.000000 
0.687959 0.590105 0.499049 0.414402 0.335605 0.261940 0.192556 0.126483 0.062670 0.000000 
0.688397 0.590530 0.499450 0.414768 0.335926 0.262208 0.192763 0.126625 0.062741 0.000000 
0.688833 0.590954 0.499850 0.415133 0.336246 0.262475 0.192969 0.126765 0.062812 0.000000 
0.689269 0.591378 0.500249 0.415497 0.336566 0.262742 0.193176 0.126906 0.062884 0.000000 
0.689705 0.591800 0.500647 0.415861 0.336885 0.263008 0.193382 0.127047 0.062955 0.000000 
0.690139 0.592222 0.501045 0.416224 0.337204 0.263273 0.193587 0.127187 0.063026 0.000000 
0.690573 0.592644 0.501443 0.416587 0.337522 0.263539 0.193793 0.127327 0.063097 0.000000 
0.691007 0.593064 0.501839 0.416949 0.337839 0.263803 0.193998 0.127467 0.063168 0.000000 
0.691439 0.593484 0.502235 0.417310 0.338156 0.264068 0.194202 0.127606 0.063238 0.000000 
0.691871 0.593903 0.502630 0.417671 0.338473 0.264332 0.194407 0.127745 0.063309 0.000000 
0.692302 0.594322 0.503025 0.418031 0.338789 0.264595 0.194611 0.127884 0.063379 0.000000 
0.692732 0.594739 0.503419 0.418390 0.339105 0.264858 0.194814 0.128023 0.063450 0.000000 
0.693161 0.595156 0.503812 0.418749 0.339420 0.265121 0.195018 0.128162 0.063520 0.000000 
0.693590 0.595573 0.504205 0.419108 0.339734 0.265383 0.195221 0.128300 0.063590 0.000000 
0.694018 0.595988 0.504597 0.419465 0.340048 0.265645 0.195423 0.128438 0.063660 0.000000 
0.694445 0.596403 0.504988 0.419822 0.340361 0.265906 0.195626 0.128576 0.063730 0.000000 
0.694872 0.596817 0.505378 0.420179 0.340674 0.266167 0.195828 0.128714 0.063800 0.000000 
0.695298 0.597231 0.505768 0.420535 0.340987 0.266428 0.196029 0.128851 0.063869 0.000000 
0.695723 0.597644 0.506158 0.420890 0.341298 0.266688 0.196230 0.128989 0.063939 0.000000 
0.696148 0.598056 0.506546 0.421245 0.341610 0.266947 0.196431 0.129126 0.064008 0.000000 
0.696571 0.598467 0.506934 0.421599 0.341921 0.267206 0.196632 0.129262 0.064078 0.000000 
0.696994 0.598878 0.507322 0.421953 0.342231 0.267465 0.196832 0.129399 0.064147 0.000000 
0.697416 0.599288 0.507708 0.422306 0.342541 0.267723 0.197032 0.129535 0.064216 0.000000 
0.697838 0.599697 0.508094 0.422658 0.342850 0.267981 0.197232 0.129671 0.064285 0.000000 
0.698259 0.600106 0.508480 0.423010 0.343159 0.268239 0.197431 0.129807 0.064354 0.000000 
0.698679 0.600514 0.508865 0.423361 0.343467 0.268496 0.197630 0.129943 0.064423 0.000000 
0.699098 0.600921 0.509249 0.423711 0.343774 0.268752 0.197829 0.130078 0.064491 0.000000 
0.699517 0.601328 0.509632 0.424061 0.344082 0.269009 0.198027 0.130214 0.064560 0.000000 
0.699935 0.601733 0.510015 0.424411 0.344388 0.269264 0.198225 0.130349 0.064628 0.000000 
0.700352 0.602139 0.510397 0.424760 0.344694 0.269520 0.198423 0.130483 0.064696 0.000000 
0.700769 0.602543 0.510779 0.425108 0.345000 0.269774 0.198620 0.130618 0.064764 0.000000 
0.701185 0.602947 0.511159 0.425456 0.345305 0.270029 0.198817 0.130752 0.064833 0.000000 
0.701600 0.603350 0.511540 0.425803 0.345610 0.270283 0.199014 0.130886 0.064900 0.000000 
0.702014 0.603753 0.511919 0.426149 0.345914 0.270537 0.199210 0.131020 0.064968 0.000000 
0.702428 0.604154 0.512298 0.426495 0.346218 0.270790 0.199406 0.131154 0.065036 0.000000 
0.702841 0.604555 0.512677 0.426841 0.346521 0.271043 0.199602 0.131287 0.065104 0.000000 
0.703253 0.604956 0.513054 0.427185 0.346823 0.271295 0.199797 0.131420 0.065171 0.000000 
0.703665 0.605356 0.513431 0.427529 0.347125 0.271547 0.199992 0.131553 0.065239 0.000000 
0.704076 0.605755 0.513808 0.427873 0.347427 0.271798 0.200187 0.131686 0.065306 0.000000 
0.704486 0.606153 0.514183 0.428216 0.347728 0.272049 0.200381 0.131819 0.065373 0.000000 
0.704896 0.606551 0.514559 0.428559 0.348029 0.272300 0.200575 0.131951 0.065440 0.000000 
0.705305 0.606948 0.514933 0.428900 0.348329 0.272550 0.200769 0.132083 0.065507 0.000000 
0.705713 0.607344 0.515307 0.429242 0.348628 0.272800 0.200963 0.132215 0.065574 0.000000 
0.706120 0.607740 0.515680 0.429582 0.348927 0.273050 0.201156 0.132347 0.065640 0.000000 
0.706527 0.608135 0.516053 0.429923 0.349226 0.273299 0.201349 0.132478 0.065707 0.000000 
0.706933 0.608529 0.516425 0.430262 0.349524 0.273547 0.201541 0.132609 0.065774 0.000000 
0.707339 0.608923 0.516796 0.430601 0.349822 0.273795 0.201733 0.132740 0.065840 0.000000 
0.707743 0.609316 0.517167 0.430940 0.350119 0.274043 0.201925 0.132871 0.065906 0.000000 
0.708147 0.609708 0.517537 0.431278 0.350415 0.274290 0.202117 0.133002 0.065972 0.000000 
0.708551 0.610100 0.517907 0.431615 0.350711 0.274537 0.202308 0.133132 0.066038 0.000000 
0.708953 0.610491 0.518275 0.431952 0.351007 0.274784 0.202499 0.133262 0.066104 0.000000 
0.709355 0.610882 0.518644 0.432288 0.351302 0.275030 0.202689 0.133392 0.066170 0.000000 
0.709757 0.611271 0.519011 0.432624 0.351597 0.275276 0.202879 0.133522 0.066236 0.000000 
0.710157 0.611660 0.519378 0.432959 0.351891 0.275521 0.203069 0.133651 0.066302 0.000000 
0.710557 0.612049 0.519745 0.433293 0.352184 0.275766 0.203259 0.133781 0.066367 0.000000 
0.710956 0.612437 0.520111 0.433627 0.352478 0.276010 0.203448 0.133910 0.066432 0.000000 
0.711355 0.612824 0.520476 0.433960 0.352770 0.276254 0.203637 0.134038 0.066498 0.000000 
0.711753 0.613210 0.520840 0.434293 0.353062 0.276498 0.203826 0.134167 0.066563 0.000000 
0.712150 0.613596 0.521204 0.434625 0.353354 0.276741 0.204014 0.134295 0.066628 0.000000 
0.712546 0.613981 0.521567 0.434957 0.353645 0.276984 0.204202 0.134424 0.066693 0.000000 
0.712942 0.614366 0.521930 0.435288 0.353936 0.277227 0.204390 0.134552 0.066758 0.000000 
0.713337 0.614749 0.522292 0.435619 0.354226 0.277469 0.204577 0.134679 0.066823 0.000000 
0.713732 0.615133 0.522654 0.435949 0.354516 0.277710 0.204764 0.134807 0.066887 0.000000 
0.714126 0.615515 0.523015 0.436278 0.354805 0.277952 0.204951 0.134934 0.066952 0.000000 
0.714519 0.615897 0.523375 0.436607 0.355094 0.278192 0.205138 0.135061 0.067016 0.000000 
0.714912 0.616278 0.523735 0.436936 0.355382 0.278433 0.205324 0.135188 0.067081 0.000000 
0.715303 0.616659 0.524094 0.437264 0.355670 0.278673 0.205510 0.135315 0.067145 0.000000 
0.715695 0.617039 0.524452 0.437591 0.355957 0.278912 0.205695 0.135442 0.067209 0.000000 
0.716085 0.617418 0.524810 0.437918 0.356244 0.279152 0.205880 0.135568 0.067273 0.000000 
0.716475 0.617797 0.525167 0.438244 0.356530 0.279390 0.206065 0.135694 0.067337 0.000000 
0.716864 0.618175 0.525524 0.438569 0.356816 0.279629 0.206250 0.135820 0.067400 0.000000 
0.717253 0.618552 0.525880 0.438894 0.357101 0.279867 0.206434 0.135946 0.067464 0.000000 
0.717641 0.618929 0.526235 0.439219 0.357386 0.280104 0.206618 0.136071 0.067528 0.000000 
0.718028 0.619305 0.526590 0.439543 0.357671 0.280342 0.206802 0.136196 0.067591 0.000000 
0.718414 0.619681 0.526944 0.439866 0.357955 0.280579 0.206985 0.136321 0.067655 0.000000 
0.718800 0.620055 0.527298 0.440189 0.358238 0.280815 0.207168 0.136446 0.067718 0.000000 
0.719185 0.620430 0.527651 0.440512 0.358521 0.281051 0.207351 0.136571 0.067781 0.000000 
0.719570 0.620803 0.528003 0.440833 0.358804 0.281287 0.207534 0.136695 0.067844 0.000000 
0.719954 0.621176 0.528355 0.441155 0.359086 0.281522 0.207716 0.136819 0.067907 0.000000 
0.720337 0.621548 0.528707 0.441475 0.359367 0.281757 0.207898 0.136943 0.067970 0.000000 
0.720720 0.621920 0.529057 0.441796 0.359648 0.281991 0.208079 0.137067 0.068033 0.000000 
0.721102 0.622291 0.529407 0.442115 0.359929 0.282225 0.208260 0.137191 0.068095 0.000000 
0.721483 0.622662 0.529757 0.442434 0.360209 0.282459 0.208441 0.137314 0.068158 0.000000 
0.721864 0.623031 0.530106 0.442753 0.360489 0.282692 0.208622 0.137437 0.068220 0.000000 
0.722244 0.623401 0.530454 0.443071 0.360768 0.282925 0.208802 0.137560 0.068282 0.000000 
0.722623 0.623769 0.530802 0.443389 0.361047 0.283158 0.208982 0.137683 0.068345 0.000000 
0.723002 0.624137 0.531149 0.443705 0.361325 0.283390 0.209162 0.137806 0.068407 0.000000 
0.723380 0.624504 0.531495 0.444022 0.361603 0.283622 0.209342 0.137928 0.068469 0.000000 
0.723758 0.624871 0.531841 0.444338 0.361880 0.283853 0.209521 0.138050 0.068531 0.000000 
0.724134 0.625237 0.532187 0.444653 0.362157 0.284084 0.209700 0.138172 0.068592 0.000000 
0.724511 0.625603 0.532532 0.444968 0.362434 0.284314 0.209878 0.138294 0.068654 0.000000 
0.724886 0.625967 0.532876 0.445282 0.362710 0.284545 0.210056 0.138415 0.068716 0.000000 
0.725261 0.626332 0.533219 0.445596 0.362985 0.284774 0.210234 0.138537 0.068777 0.000000 
0.725635 0.626695 0.533562 0.445909 0.363260 0.285004 0.210412 0.138658 0.068839 0.000000 
0.726009 0.627058 0.533905 0.446222 0.363535 0.285233 0.210589 0.138779 0.068900 0.000000 
0.726382 0.627420 0.534247 0.446534 0.363809 0.285461 0.210766 0.138900 0.068961 0.000000 
0.726754 0.627782 0.534588 0.446846 0.364082 0.285690 0.210943 0.139020 0.069022 0.000000 
0.727126 0.628143 0.534929 0.447157 0.364356 0.285918 0.211120 0.139140 0.069083 0.000000 
0.727497 0.628504 0.535269 0.447468 0.364628 0.286145 0.211296 0.139260 0.069144 0.000000 
0.727867 0.628864 0.535609 0.447778 0.364901 0.286372 0.211472 0.139380 0.069205 0.000000 
0.728237 0.629223 0.535948 0.448088 0.365172 0.286599 0.211647 0.139500 0.069265 0.000000 
0.728607 0.629582 0.536286 0.448397 0.365444 0.286825 0.211823 0.139620 0.069326 0.000000 
0.728975 0.629940 0.536624 0.448705 0.365715 0.287051 0.211998 0.139739 0.069387 0.000000 
0.729343 0.630297 0.536961 0.449013 0.365985 0.287277 0.212172 0.139858 0.069447 0.000000 
0.729710 0.630654 0.537298 0.449321 0.366255 0.287502 0.212347 0.139977 0.069507 0.000000 
0.730077 0.631010 0.537634 0.449628 0.366525 0.287727 0.212521 0.140096 0.069567 0.000000 
0.730443 0.631366 0.537970 0.449934 0.366794 0.287951 0.212695 0.140214 0.069627 0.000000 
0.730809 0.631721 0.538305 0.450240 0.367062 0.288176 0.212868 0.140333 0.069687 0.000000 
0.731173 0.632076 0.538639 0.450546 0.367331 0.288399 0.213041 0.140451 0.069747 0.000000 
0.731538 0.632429 0.538973 0.450850 0.367598 0.288623 0.213214 0.140569 0.069807 0.000000 
0.731901 0.632783 0.539307 0.451155 0.367866 0.288846 0.213387 0.140686 0.069867 0.000000 
0.732264 0.633135 0.539639 0.451459 0.368132 0.289068 0.213559 0.140804 0.069926 0.000000 
0.732627 0.633487 0.539972 0.451762 0.368399 0.289290 0.213731 0.140921 0.069986 0.000000 
0.732988 0.633839 0.540303 0.452065 0.368665 0.289512 0.213903 0.141039 0.070045 0.000000 
0.733349 0.634190 0.540634 0.452367 0.368930 0.289734 0.214075 0.141155 0.070104 0.000000 
0.733710 0.634540 0.540965 0.452669 0.369195 0.289955 0.214246 0.141272 0.070164 0.000000 
0.734070 0.634890 0.541295 0.452971 0.369460 0.290175 0.214417 0.141389 0.070223 0.000000 
0.734429 0.635239 0.541624 0.453271 0.369724 0.290396 0.214588 0.141505 0.070282 0.000000 
0.734788 0.635587 0.541953 0.453572 0.369988 0.290616 0.214758 0.141621 0.070340 0.000000 
0.735146 0.635935 0.542281 0.453872 0.370251 0.290835 0.214928 0.141737 0.070399 0.000000 
0.735503 0.636282 0.542609 0.454171 0.370514 0.291055 0.215098 0.141853 0.070458 0.000000 
0.735860 0.636629 0.542936 0.454470 0.370776 0.291274 0.215267 0.141969 0.070516 0.000000 
0.736216 0.636975 0.543263 0.454768 0.371038 0.291492 0.215437 0.142084 0.070575 0.000000 
0.736572 0.637321 0.543589 0.455066 0.371300 0.291710 0.215606 0.142199 0.070633 0.000000 
0.736927 0.637666 0.543915 0.455363 0.371561 0.291928 0.215774 0.142314 0.070692 0.000000 
0.737282 0.638010 0.544240 0.455660 0.371821 0.292145 0.215943 0.142429 0.070750 0.000000 
0.737635 0.638354 0.544564 0.455956 0.372081 0.292363 0.216111 0.142544 0.070808 0.000000 
0.737989 0.638697 0.544888 0.456252 0.372341 0.292579 0.216278 0.142658 0.070866 0.000000 
0.738341 0.639040 0.545211 0.456547 0.372600 0.292796 0.216446 0.142772 0.070924 0.000000 
0.738693 0.639382 0.545534 0.456842 0.372859 0.293012 0.216613 0.142887 0.070982 0.000000 
0.739045 0.639723 0.545856 0.457137 0.373118 0.293227 0.216780 0.143000 0.071039 0.000000 
0.739396 0.640064 0.546178 0.457430 0.373376 0.293442 0.216947 0.143114 0.071097 0.000000 
0.739746 0.640405 0.546499 0.457724 0.373633 0.293657 0.217113 0.143228 0.071154 0.000000 
0.740095 0.640744 0.546820 0.458016 0.373891 0.293872 0.217279 0.143341 0.071212 0.000000 
0.740445 0.641083 0.547140 0.458309 0.374147 0.294086 0.217445 0.143454 0.071269 0.000000 
0.740793 0.641422 0.547459 0.458601 0.374403 0.294300 0.217611 0.143567 0.071326 0.000000 
0.741141 0.641760 0.547778 0.458892 0.374659 0.294513 0.217776 0.143680 0.071384 0.000000 
0.741488 0.642098 0.548097 0.459183 0.374915 0.294726 0.217941 0.143792 0.071441 0.000000 
0.741835 0.642434 0.548415 0.459473 0.375170 0.294939 0.218106 0.143904 0.071498 0.000000 
0.742181 0.642771 0.548732 0.459763 0.375424 0.295151 0.218270 0.144017 0.071554 0.000000 
0.742526 0.643106 0.549049 0.460052 0.375678 0.295363 0.218435 0.144129 0.071611 0.000000 
0.742871 0.643442 0.549365 0.460341 0.375932 0.295575 0.218599 0.144240 0.071668 0.000000 
0.743216 0.643776 0.549681 0.460630 0.376185 0.295786 0.218762 0.144352 0.071724 0.000000 
0.743559 0.644110 0.549996 0.460918 0.376438 0.295997 0.218926 0.144463 0.071781 0.000000 
0.743903 0.644444 0.550311 0.461205 0.376691 0.296208 0.219089 0.144575 0.071837 0.000000 
0.744245 0.644777 0.550625 0.461492 0.376943 0.296418 0.219251 0.144686 0.071893 0.000000 
0.744587 0.645109 0.550939 0.461779 0.377194 0.296628 0.219414 0.144796 0.071950 0.000000 
0.744929 0.645441 0.551252 0.462065 0.377445 0.296837 0.219576 0.144907 0.072006 0.000000 
0.745269 0.645772 0.551565 0.462350 0.377696 0.297047 0.219738 0.145018 0.072062 0.000000 
0.745610 0.646102 0.551877 0.462635 0.377946 0.297255 0.219900 0.145128 0.072118 0.000000 
0.745949 0.646433 0.552188 0.462920 0.378196 0.297464 0.220061 0.145238 0.072173 0.000000 
0.746288 0.646762 0.552499 0.463204 0.378446 0.297672 0.220223 0.145348 0.072229 0.000000 
0.746627 0.647091 0.552810 0.463487 0.378695 0.297880 0.220384 0.145458 0.072285 0.000000 
0.746965 0.647419 0.553120 0.463770 0.378943 0.298087 0.220544 0.145567 0.072340 0.000000 
0.747302 0.647747 0.553429 0.464053 0.379191 0.298294 0.220705 0.145677 0.072396 0.000000 
0.747639 0.648075 0.553738 0.464335 0.379439 0.298501 0.220865 0.145786 0.072451 0.000000 
0.747975 0.648401 0.554046 0.464617 0.379687 0.298707 0.221025 0.145895 0.072506 0.000000 
0.748311 0.648727 0.554354 0.464898 0.379933 0.298913 0.221184 0.146004 0.072561 0.000000 
0.748646 0.649053 0.554661 0.465179 0.380180 0.299119 0.221343 0.146112 0.072616 0.000000 
0.748981 0.649378 0.554968 0.465459 0.380426 0.299324 0.221502 0.146221 0.072671 0.000000 
0.749314 0.649703 0.555275 0.465739 0.380672 0.299529 0.221661 0.146329 0.072726 0.000000 
0.749648 0.650027 0.555580 0.466018 0.380917 0.299734 0.221820 0.146437 0.072781 0.000000 
0.749981 0.650350 0.555886 0.466297 0.381162 0.299938 0.221978 0.146545 0.072836 0.000000 
0.750313 0.650673 0.556190 0.466575 0.381406 0.300142 0.222136 0.146653 0.072890 0.000000 
0.750645 0.650995 0.556495 0.466853 0.381650 0.300346 0.222294 0.146760 0.072945 0.000000 
0.750976 0.651317 0.556798 0.467131 0.381894 0.300549 0.222451 0.146868 0.072999 0.000000 
0.751306 0.651638 0.557101 0.467408 0.382137 0.300752 0.222608 0.146975 0.073054 0.000000 
0.751636 0.651959 0.557404 0.467684 0.382380 0.300955 0.222765 0.147082 0.073108 0.000000 
0.751966 0.652279 0.557706 0.467960 0.382623 0.301157 0.222922 0.147189 0.073162 0.000000 
0.752294 0.652599 0.558008 0.468236 0.382865 0.301359 0.223078 0.147295 0.073216 0.000000 
0.752623 0.652918 0.558309 0.468511 0.383106 0.301560 0.223234 0.147402 0.073270 0.000000 
0.752951 0.653236 0.558610 0.468785 0.383347 0.301762 0.223390 0.147508 0.073324 0.000000 
0.753278 0.653554 0.558910 0.469059 0.383588 0.301962 0.223546 0.147614 0.073378 0.000000 
0.753604 0.653872 0.559209 0.469333 0.383828 0.302163 0.223701 0.147720 0.073431 0.000000 
0.753930 0.654189 0.559509 0.469606 0.384068 0.302363 0.223856 0.147826 0.073485 0.000000 
0.754256 0.654505 0.559807 0.469879 0.384308 0.302563 0.224011 0.147931 0.073538 0.000000 
0.754581 0.654821 0.560105 0.470151 0.384547 0.302763 0.224165 0.148037 0.073592 0.000000 
0.754905 0.655136 0.560403 0.470423 0.384786 0.302962 0.224320 0.148142 0.073645 0.000000 
0.755229 0.655451 0.560700 0.470695 0.385024 0.303161 0.224474 0.148247 0.073698 0.000000 
0.755553 0.655765 0.560997 0.470966 0.385262 0.303359 0.224628 0.148352 0.073752 0.000000 
0.755875 0.656079 0.561293 0.471236 0.385500 0.303557 0.224781 0.148457 0.073805 0.000000 
0.756198 0.656392 0.561588 0.471506 0.385737 0.303755 0.224934 0.148561 0.073858 0.000000 
0.756519 0.656705 0.561883 0.471776 0.385974 0.303953 0.225087 0.148666 0.073910 0.000000 
0.756840 0.657017 0.562178 0.472045 0.386210 0.304150 0.225240 0.148770 0.073963 0.000000 
0.757161 0.657328 0.562472 0.472313 0.386446 0.304347 0.225392 0.148874 0.074016 0.000000 
0.757481 0.657639 0.562766 0.472582 0.386681 0.304543 0.225545 0.148977 0.074069 0.000000 
0.757800 0.657950 0.563059 0.472849 0.386916 0.304740 0.225697 0.149081 0.074121 0.000000 
0.758119 0.658260 0.563351 0.473117 0.387151 0.304935 0.225848 0.149185 0.074173 0.000000 
0.758438 0.658569 0.563643 0.473383 0.387386 0.305131 0.226000 0.149288 0.074226 0.000000 
0.758756 0.658878 0.563935 0.473650 0.387620 0.305326 0.226151 0.149391 0.074278 0.000000 
0.759073 0.659187 0.564226 0.473916 0.387853 0.305521 0.226302 0.149494 0.074330 0.000000 
0.759390 0.659494 0.564517 0.474181 0.388086 0.305716 0.226453 0.149597 0.074382 0.000000 
0.759706 0.659802 0.564807 0.474446 0.388319 0.305910 0.226603 0.149699 0.074434 0.000000 
0.760022 0.660109 0.565097 0.474711 0.388551 0.306104 0.226753 0.149802 0.074486 0.000000 
0.760337 0.660415 0.565386 0.474975 0.388783 0.306297 0.226903 0.149904 0.074538 0.000000 
0.760651 0.660721 0.565674 0.475239 0.389015 0.306491 0.227053 0.150006 0.074590 0.000000 
0.760966 0.661026 0.565963 0.475502 0.389246 0.306684 0.227202 0.150108 0.074641 0.000000 
0.761279 0.661331 0.566250 0.475765 0.389477 0.306876 0.227352 0.150210 0.074693 0.000000 
0.761592 0.661635 0.566537 0.476027 0.389707 0.307068 0.227500 0.150311 0.074745 0.000000 
0.761905 0.661939 0.566824 0.476289 0.389937 0.307260 0.227649 0.150413 0.074796 0.000000 
0.762217 0.662242 0.567110 0.476550 0.390167 0.307452 0.227798 0.150514 0.074847 0.000000 
0.762528 0.662545 0.567396 0.476812 0.390396 0.307643 0.227946 0.150615 0.074898 0.000000 
0.762839 0.662847 0.567681 0.477072 0.390625 0.307834 0.228094 0.150716 0.074950 0.000000 
0.763149 0.663148 0.567966 0.477332 0.390854 0.308025 0.228241 0.150817 0.075001 0.000000 
0.763459 0.663450 0.568250 0.477592 0.391082 0.308215 0.228389 0.150917 0.075052 0.000000 
0.763768 0.663750 0.568534 0.477851 0.391310 0.308405 0.228536 0.151018 0.075102 0.000000 
0.764077 0.664050 0.568817 0.478110 0.391537 0.308595 0.228683 0.151118 0.075153 0.000000 
0.764385 0.664350 0.569100 0.478368 0.391764 0.308784 0.228830 0.151218 0.075204 0.000000 
0.764693 0.664649 0.569383 0.478626 0.391990 0.308973 0.228976 0.151318 0.075255 0.000000 
0.765000 0.664948 0.569665 0.478884 0.392217 0.309162 0.229122 0.151417 0.075305 0.000000 
0.765307 0.665246 0.569946 0.479141 0.392442 0.309350 0.229268 0.151517 0.075356 0.000000 
0.765613 0.665543 0.570227 0.479398 0.392668 0.309539 0.229414 0.151616 0.075406 0.000000 
0.765919 0.665840 0.570507 0.479654 0.392893 0.309726 0.229559 0.151715 0.075456 0.000000 
0.766224 0.666137 0.570787 0.479910 0.393118 0.309914 0.229704 0.151814 0.075506 0.000000 
0.766529 0.666433 0.571067 0.480165 0.393342 0.310101 0.229849 0.151913 0.075556 0.000000 
0.766833 0.666729 0.571346 0.480420 0.393566 0.310288 0.229994 0.152012 0.075607 0.000000 
0.767136 0.667024 0.571624 0.480674 0.393789 0.310474 0.230139 0.152111 0.075656 0.000000 
0.767439 0.667318 0.571903 0.480928 0.394012 0.310661 0.230283 0.152209 0.075706 0.000000 
0.767742 0.667612 0.572180 0.481182 0.394235 0.310846 0.230427 0.152307 0.075756 0.000000 
0.768044 0.667906 0.572457 0.481435 0.394458 0.311032 0.230571 0.152405 0.075806 0.000000 
0.768346 0.668199 0.572734 0.481688 0.394680 0.311217 0.230714 0.152503 0.075855 0.000000 
0.768647 0.668492 0.573010 0.481940 0.394901 0.311402 0.230857 0.152601 0.075905 0.000000 
0.768947 0.668784 0.573286 0.482192 0.395122 0.311587 0.231000 0.152698 0.075954 0.000000 
0.769247 0.669075 0.573561 0.482444 0.395343 0.311771 0.231143 0.152796 0.076004 0.000000 
0.769546 0.669366 0.573836 0.482695 0.395564 0.311955 0.231286 0.152893 0.076053 0.000000 
0.769845 0.669657 0.574110 0.482945 0.395784 0.312139 0.231428 0.152990 0.076102 0.000000 
0.770144 0.669947 0.574384 0.483196 0.396004 0.312322 0.231570 0.153087 0.076151 0.000000 
0.770442 0.670237 0.574658 0.483445 0.396223 0.312505 0.231712 0.153184 0.076200 0.000000 
0.770739 0.670526 0.574930 0.483695 0.396442 0.312688 0.231853 0.153280 0.076249 0.000000 
0.771036 0.670814 0.575203 0.483944 0.396661 0.312871 0.231995 0.153377 0.076298 0.000000 
0.771333 0.671103 0.575475 0.484192 0.396879 0.313053 0.232136 0.153473 0.076347 0.000000 
0.771629 0.671390 0.575747 0.484440 0.397097 0.313235 0.232277 0.153569 0.076396 0.000000 
0.771924 0.671677 0.576018 0.484688 0.397315 0.313416 0.232417 0.153665 0.076444 0.000000 
0.772219 0.671964 0.576288 0.484935 0.397532 0.313597 0.232558 0.153760 0.076493 0.000000 
0.772513 0.672250 0.576558 0.485182 0.397749 0.313778 0.232698 0.153856 0.076541 0.000000 
0.772807 0.672536 0.576828 0.485429 0.397965 0.313959 0.232838 0.153952 0.076589 0.000000 
0.773101 0.672821 0.577097 0.485675 0.398181 0.314139 0.232977 0.154047 0.076638 0.000000 
0.773393 0.673106 0.577366 0.485920 0.398397 0.314319 0.233117 0.154142 0.076686 0.000000 
0.773686 0.673390 0.577635 0.486165 0.398612 0.314499 0.233256 0.154237 0.076734 0.000000 
0.773978 0.673674 0.577902 0.486410 0.398827 0.314678 0.233395 0.154332 0.076782 0.000000 
0.774269 0.673957 0.578170 0.486654 0.399042 0.314857 0.233534 0.154426 0.076830 0.000000 
0.774560 0.674240 0.578437 0.486898 0.399256 0.315036 0.233672 0.154521 0.076878 0.000000 
0.774851 0.674522 0.578703 0.487142 0.399470 0.315215 0.233811 0.154615 0.076926 0.000000 
0.775141 0.674804 0.578970 0.487385 0.399684 0.315393 0.233949 0.154709 0.076973 0.000000 
0.775430 0.675086 0.579235 0.487628 0.399897 0.315571 0.234086 0.154803 0.077021 0.000000 
0.775719 0.675366 0.579500 0.487870 0.400110 0.315748 0.234224 0.154897 0.077069 0.000000 
0.776007 0.675647 0.579765 0.488112 0.400322 0.315926 0.234361 0.154991 0.077116 0.000000 
0.776295 0.675927 0.580029 0.488353 0.400534 0.316103 0.234498 0.155084 0.077164 0.000000 
0.776583 0.676206 0.580293 0.488594 0.400746 0.316279 0.234635 0.155178 0.077211 0.000000 
0.776870 0.676485 0.580557 0.488835 0.400957 0.316456 0.234772 0.155271 0.077258 0.000000 
0.777156 0.676764 0.580820 0.489075 0.401168 0.316632 0.234908 0.155364 0.077305 0.000000 
0.777442 0.677042 0.581082 0.489315 0.401379 0.316808 0.235045 0.155457 0.077352 0.000000 
0.777728 0.677319 0.581344 0.489554 0.401589 0.316983 0.235180 0.155549 0.077399 0.000000 
0.778013 0.677596 0.581606 0.489793 0.401799 0.317158 0.235316 0.155642 0.077446 0.000000 
0.778297 0.677873 0.581867 0.490032 0.402009 0.317333 0.235452 0.155734 0.077493 0.000000 
0.778581 0.678149 0.582128 0.490270 0.402218 0.317508 0.235587 0.155827 0.077540 0.000000 
0.778865 0.678425 0.582388 0.490508 0.402427 0.317682 0.235722 0.155919 0.077587 0.000000 
0.779148 0.678700 0.582648 0.490746 0.402635 0.317856 0.235857 0.156011 0.077633 0.000000 
0.779431 0.678975 0.582907 0.490983 0.402844 0.318030 0.235991 0.156102 0.077680 0.000000 
0.779713 0.679249 0.583166 0.491219 0.403051 0.318203 0.236126 0.156194 0.077726 0.000000 
0.779995 0.679523 0.583424 0.491455 0.403259 0.318377 0.236260 0.156286 0.077772 0.000000 
0.780276 0.679796 0.583683 0.491691 0.403466 0.318549 0.236394 0.156377 0.077819 0.000000 
0.780556 0.680069 0.583940 0.491927 0.403673 0.318722 0.236527 0.156468 0.077865 0.000000 
0.780837 0.680341 0.584197 0.492162 0.403879 0.318894 0.236661 0.156559 0.077911 0.000000 
0.781116 0.680613 0.584454 0.492396 0.404085 0.319066 0.236794 0.156650 0.077957 0.000000 
0.781396 0.680885 0.584710 0.492630 0.404291 0.319238 0.236927 0.156741 0.078003 0.000000 
0.781674 0.681156 0.584966 0.492864 0.404496 0.319409 0.237060 0.156831 0.078049 0.000000 
0.781953 0.681426 0.585222 0.493098 0.404701 0.319580 0.237192 0.156922 0.078095 0.000000 
0.782231 0.681697 0.585477 0.493331 0.404906 0.319751 0.237325 0.157012 0.078141 0.000000 
0.782508 0.681966 0.585731 0.493563 0.405111 0.319922 0.237457 0.157102 0.078186 0.000000 
0.782785 0.682235 0.585986 0.493795 0.405315 0.320092 0.237589 0.157192 0.078232 0.000000 
0.783061 0.682504 0.586239 0.494027 0.405518 0.320262 0.237720 0.157282 0.078277 0.000000 
0.783337 0.682772 0.586493 0.494259 0.405721 0.320432 0.237852 0.157371 0.078323 0.000000 
0.783613 0.683040 0.586745 0.494490 0.405924 0.320601 0.237983 0.157461 0.078368 0.000000 
0.783888 0.683308 0.586998 0.494720 0.406127 0.320770 0.238114 0.157550 0.078413 0.000000 
0.784162 0.683574 0.587250 0.494951 0.406329 0.320939 0.238245 0.157639 0.078459 0.000000 
0.784436 0.683841 0.587501 0.495180 0.406531 0.321107 0.238375 0.157728 0.078504 0.000000 
0.784710 0.684107 0.587753 0.495410 0.406733 0.321276 0.238506 0.157817 0.078549 0.000000 
0.784983 0.684372 0.588003 0.495639 0.406934 0.321444 0.238636 0.157906 0.078594 0.000000 
0.785256 0.684638 0.588254 0.495868 0.407135 0.321611 0.238766 0.157995 0.078639 0.000000 
0.785528 0.684902 0.588504 0.496096 0.407336 0.321779 0.238895 0.158083 0.078684 0.000000 
0.785800 0.685166 0.588753 0.496324 0.407536 0.321946 0.239025 0.158171 0.078728 0.000000 
0.786071 0.685430 0.589002 0.496552 0.407736 0.322113 0.239154 0.158260 0.078773 0.000000 
0.786342 0.685693 0.589251 0.496779 0.407935 0.322279 0.239283 0.158348 0.078818 0.000000 
0.786612 0.685956 0.589499 0.497006 0.408134 0.322445 0.239412 0.158435 0.078862 0.000000 
0.786882 0.686219 0.589747 0.497232 0.408333 0.322611 0.239540 0.158523 0.078907 0.000000 
0.787152 0.686481 0.589994 0.497458 0.408532 0.322777 0.239669 0.158611 0.078951 0.000000 
0.787421 0.686742 0.590241 0.497684 0.408730 0.322942 0.239797 0.158698 0.078995 0.000000 
0.787689 0.687003 0.590487 0.497909 0.408928 0.323108 0.239925 0.158785 0.079039 0.000000 
0.787957 0.687264 0.590733 0.498134 0.409125 0.323272 0.240052 0.158872 0.079084 0.000000 
0.788225 0.687524 0.590979 0.498358 0.409323 0.323437 0.240180 0.158959 0.079128 0.000000 
0.788492 0.687784 0.591224 0.498582 0.409519 0.323601 0.240307 0.159046 0.079172 0.000000 
0.788759 0.688043 0.591469 0.498806 0.409716 0.323765 0.240434 0.159133 0.079216 0.000000 
0.789025 0.688302 0.591714 0.499029 0.409912 0.323929 0.240561 0.159219 0.079259 0.000000 
0.789291 0.688560 0.591958 0.499252 0.410108 0.324092 0.240688 0.159306 0.079303 0.000000 
0.789556 0.688818 0.592201 0.499475 0.410304 0.324256 0.240814 0.159392 0.079347 0.000000 
0.789821 0.689076 0.592444 0.499697 0.410499 0.324419 0.240940 0.159478 0.079391 0.000000 
0.790086 0.689333 0.592687 0.499919 0.410694 0.324581 0.241066 0.159564 0.079434 0.000000 
0.790350 0.689590 0.592929 0.500140 0.410888 0.324744 0.241192 0.159650 0.079478 0.000000 
0.790613 0.689846 0.593171 0.500361 0.411082 0.324906 0.241318 0.159735 0.079521 0.000000 
0.790876 0.690102 0.593413 0.500582 0.411276 0.325067 0.241443 0.159821 0.079564 0.000000 
0.791139 0.690357 0.593654 0.500802 0.411470 0.325229 0.241568 0.159906 0.079608 0.000000 
0.791401 0.690612 0.593895 0.501022 0.411663 0.325390 0.241693 0.159991 0.079651 0.000000 
0.791663 0.690867 0.594135 0.501242 0.411856 0.325551 0.241818 0.160076 0.079694 0.000000 
0.791924 0.691121 0.594375 0.501461 0.412049 0.325712 0.241942 0.160161 0.079737 0.000000 
0.792185 0.691374 0.594614 0.501680 0.412241 0.325872 0.242067 0.160246 0.079780 0.000000 
0.792446 0.691627 0.594854 0.501898 0.412433 0.326033 0.242191 0.160331 0.079823 0.000000 
0.792706 0.691880 0.595092 0.502116 0.412624 0.326192 0.242315 0.160415 0.079866 0.000000 
0.792965 0.692133 0.595330 0.502334 0.412816 0.326352 0.242438 0.160500 0.079908 0.000000 
0.793224 0.692384 0.595568 0.502552 0.413007 0.326511 0.242562 0.160584 0.079951 0.000000 
0.793483 0.692636 0.595806 0.502769 0.413197 0.326670 0.242685 0.160668 0.079994 0.000000 
0.793741 0.692887 0.596043 0.502985 0.413387 0.326829 0.242808 0.160752 0.080036 0.000000 
0.793999 0.693138 0.596279 0.503201 0.413577 0.326988 0.242931 0.160836 0.080079 0.000000 
0.794256 0.693388 0.596516 0.503417 0.413767 0.327146 0.243053 0.160919 0.080121 0.000000 
