1365
1470
1597
1783
1902
1948
2099
2179
2356
2444
2570
2624
2847
2972
3112
3261
3247
3503
3542
3742
3799
3945
4039
4288
4378
4435
4802
4702
4905
4946
5224
5170
5325
5538
5607
5778
6159
6575
6084
6230
6364
6330
6579
6642
6847
6857
7228
7317
7486
7483
7663
7764
7849
8044
8352
8333
8441
8771
8677
9155
9047
9203
9360
9705
9865
9882
10068
10102
10472
10888
10809
10870
11137
11383
11485
11545
11701
12073
12427
12447
12648
12893
13084
13306
13746
13929
14139
14254
14669
16830
15172
15136
15255
15723
15945
16190
16522
16459
16667
16887
17079
16614
16866
16725
17214
16712
17247
17209
17467
17846
18510
18950
18649
18751
19496
18703
18974
18931
19034
19208
19068
19378
19374
20123
20004
20312
20413
20038
20639
21123
20804
20809
20815
21639
21664
22608
22612
21952
21976
22129
22292
22579
22485
23328
23113
23076
23363
23637
23684
23440
23876
24095
24299
24444
24532
24864
25123
25326
25194
25238
25696
25646
25994
26245
26294
26664
26558
26674
26973
27331
27300
27970
28151
35040
28179
28054
28514
28711
31083
28711
28811
29213
29092
29428
29792
29771
30228
30134
30109
30840
30923
31492
35360
32557
32376
32467
32362
32624
