448
633
839
1130
1268
1435
1711
1954
2125
2285
2479
2682
2901
3104
3282
3546
3973
4168
4178
4407
4626
4812
5306
5629
5760
5676
5859
6062
6307
6759
7091
7043
7517
8018
8106
8027
8190
8319
8508
9144
9432
9352
9488
10034
10770
10491
10664
11092
11546
11344
11122
11572
12305
11865
12053
12616
12815
13021
13248
13906
13692
13964
14601
14317
14533
15760
15886
15437
15936
15850
16178
16488
17066
16881
17541
17470
17903
18953
18282
18583
18911
19325
19944
19983
20092
21027
20704
21505
21482
21796
22373
22424
22947
22621
24111
23824
24675
24369
25184
24313
25042
24222
25236
24638
25366
25121
26076
25414
26027
26024
26772
27021
27334
27460
27519
27739
28121
28211
28363
29067
28950
29826
29583
29890
30386
30118
30639
30620
31667
31774
31627
32537
31817
32583
33338
33111
33278
34291
33735
33925
34500
34687
35007
35058
35543
35488
36310
37334
36939
37229
38057
37849
37409
37679
38088
38245
38460
38950
39226
39093
40103
39753
40599
40527
40421
41429
41360
41519
41594
42292
41719
42721
42774
42851
43103
43635
43687
44323
44339
44955
44970
45008
45857
46071
46663
46325
47434
46946
47828
47687
48303
47960
48787
48581
49009
49011
49935
50534
